service_id,monday,tuesday,wednesday,thursday,friday,saturday,sunday,start_date,end_date
IDFM:TN:49516657,1,1,1,1,1,0,0,20260225,20260324
IDFM:TN:49516678,0,1,0,0,0,0,0,20260224,20260224
IDFM:TN:49516821,0,0,0,0,0,1,1,20260228,20260308
IDFM:TN:49516859,0,0,0,0,0,1,0,20260228,20260307
IDFM:TN:49516864,1,1,1,1,1,0,0,20260302,20260306
IDFM:TN:49516865,0,0,1,1,1,0,0,20260225,20260306
IDFM:TN:49516925,1,1,1,1,1,0,0,20260309,20260324
IDFM:TN:49516927,1,1,1,1,1,0,0,20260309,20260324
IDFM:TN:49516936,0,0,0,0,0,1,1,20260321,20260322
IDFM:TN:49516949,1,1,1,1,1,0,0,20260309,20260324
IDFM:TN:49516984,0,0,0,0,0,0,1,20260322,20260322
IDFM:TN:49516993,0,0,0,0,0,1,0,20260321,20260321
IDFM:TN:49517075,0,0,0,0,0,1,1,20260314,20260315
IDFM:TN:49517112,0,0,0,0,0,0,1,20260315,20260315
IDFM:TN:49517130,0,0,0,0,0,0,1,20260301,20260308
IDFM:TN:49517148,0,0,0,0,0,0,1,20260301,20260301
IDFM:TN:49517183,0,0,0,0,0,0,1,20260308,20260308
IDFM:TN:49517193,0,0,0,0,0,1,0,20260228,20260228
IDFM:TN:49517218,0,1,1,1,1,0,0,20260310,20260324
IDFM:TN:49517222,1,1,1,1,1,0,0,20260309,20260324
IDFM:TN:49517267,1,0,0,0,0,0,0,20260309,20260323
IDFM:TN:49517309,1,0,0,0,0,0,1,20260301,20260309
IDFM:TN:49517360,0,0,1,1,1,0,0,20260225,20260307
IDFM:TN:49517367,0,0,1,1,1,0,0,20260225,20260308
IDFM:TN:49517512,1,1,0,0,0,0,0,20260323,20260324
IDFM:TN:49517518,1,1,1,1,1,0,0,20260309,20260313
IDFM:TN:49517539,0,0,1,1,1,0,0,20260225,20260227
IDFM:TN:49517615,0,0,0,0,0,1,1,20260228,20260322
IDFM:TN:49517616,0,0,0,0,0,0,1,20260301,20260322
IDFM:TN:49517617,0,0,0,0,0,1,1,20260228,20260322
IDFM:TN:49517619,0,0,0,0,0,1,0,20260228,20260321
IDFM:TN:49517637,0,0,0,0,0,0,1,20260301,20260322
IDFM:TN:49517700,0,0,0,0,0,1,0,20260314,20260314
IDFM:TN:49517703,0,0,0,0,0,0,1,20260315,20260322
IDFM:TN:49517704,0,0,0,0,0,0,1,20260314,20260322
IDFM:TN:49517942,0,0,0,0,0,1,1,20260228,20260321
IDFM:TN:49517979,1,0,1,1,1,0,0,20260302,20260306
IDFM:TN:49517980,0,1,0,0,0,0,0,20260303,20260303
IDFM:TN:49517982,1,1,1,1,1,0,0,20260302,20260324
IDFM:TN:49518146,1,1,1,1,1,0,0,20260309,20260324
IDFM:TN:49518151,1,0,0,0,0,0,0,20260316,20260316
IDFM:TN:49518152,0,0,0,0,1,0,0,20260227,20260306
IDFM:TN:49518154,1,1,1,1,0,0,0,20260302,20260305
IDFM:TN:49518157,0,0,1,1,0,0,0,20260225,20260226
IDFM:TN:49518162,1,0,1,1,1,0,0,20260309,20260313
IDFM:TN:49518169,0,1,0,0,0,0,0,20260310,20260310
IDFM:TN:49518247,1,1,1,1,1,0,0,20260309,20260320
IDFM:TN:49518280,1,1,1,1,1,0,0,20260302,20260313
IDFM:TN:49518352,0,0,0,0,0,1,1,20260314,20260322
IDFM:TN:49518356,0,0,0,0,0,1,0,20260314,20260321
IDFM:TN:49518532,0,0,0,0,0,1,0,20260307,20260307
IDFM:TN:49518713,1,1,0,0,0,0,0,20260316,20260324
IDFM:TN:49518723,1,0,0,0,0,0,0,20260316,20260323
IDFM:TN:49518727,0,1,0,0,0,0,0,20260317,20260324
IDFM:TN:49518786,0,0,0,0,0,1,0,20260314,20260321
IDFM:TN:49519218,1,0,1,1,1,0,0,20260302,20260313
IDFM:TN:49519225,0,1,0,0,0,0,0,20260303,20260310
IDFM:TN:49519525,1,1,1,1,1,0,0,20260225,20260313
IDFM:TN:49519621,1,1,1,1,1,0,0,20260225,20260324
IDFM:TN:49519644,0,0,0,0,0,0,1,20260301,20260322
IDFM:TN:49519646,1,1,1,1,1,0,0,20260225,20260324
IDFM:TN:49519648,0,0,1,1,0,0,0,20260225,20260319
IDFM:TN:49519649,0,0,0,0,0,1,1,20260228,20260322
IDFM:TN:49519650,1,1,0,0,1,0,0,20260227,20260324
IDFM:TN:49519651,1,1,1,1,1,0,0,20260225,20260322
IDFM:TN:49519652,1,1,0,1,1,0,0,20260225,20260324
IDFM:TN:49519653,1,1,1,1,1,0,0,20260225,20260323
IDFM:TN:49519654,0,0,0,0,0,1,0,20260228,20260321
IDFM:TN:49519659,1,1,0,0,1,0,0,20260227,20260323
IDFM:TN:49519677,1,1,1,1,1,0,0,20260225,20260322
IDFM:TN:49519678,0,1,0,0,0,0,0,20260228,20260324
IDFM:TN:49519680,1,0,1,1,1,0,0,20260225,20260323
IDFM:TN:49519682,1,1,1,1,1,0,0,20260225,20260324
IDFM:TN:49519696,0,0,0,0,0,0,1,20260228,20260322
IDFM:TN:49519726,0,1,0,0,0,0,0,20260324,20260324
IDFM:TN:49519797,1,1,1,1,1,0,0,20260225,20260323
IDFM:TN:49519801,1,0,1,1,1,0,0,20260225,20260323
IDFM:TN:49519802,1,0,1,1,1,0,0,20260225,20260323
IDFM:TN:49519806,1,0,1,1,1,0,0,20260225,20260323
IDFM:TN:49520024,0,0,0,0,0,1,1,20260228,20260322
IDFM:TN:49520033,1,1,1,1,1,1,1,20260225,20260324
IDFM:TN:49520035,1,1,1,1,1,0,0,20260225,20260324
IDFM:TN:49520041,1,1,1,1,1,1,1,20260225,20260324
IDFM:TN:49520084,0,0,0,0,0,0,1,20260301,20260322
IDFM:TN:49520099,0,0,0,0,0,1,0,20260228,20260321
IDFM:TN:49520217,0,0,0,0,0,1,1,20260307,20260315
IDFM:TN:49520231,0,0,0,0,0,1,0,20260307,20260315
IDFM:TN:49520233,0,0,0,0,0,1,0,20260307,20260314
IDFM:TN:49520242,0,0,0,0,0,0,1,20260308,20260315
IDFM:TN:49520333,0,0,0,0,0,1,0,20260228,20260321
IDFM:TN:49520374,1,0,0,0,0,0,0,20260323,20260323
IDFM:TN:49520393,1,0,0,0,0,0,0,20260302,20260302
IDFM:TN:49520502,1,1,1,1,1,0,0,20260225,20260324
IDFM:TN:49520539,1,1,1,1,1,0,0,20260225,20260324
IDFM:TN:49520686,1,1,1,1,1,0,0,20260225,20260324
IDFM:TN:49520688,1,1,0,1,1,0,0,20260225,20260324
IDFM:TN:49520694,1,1,0,1,1,0,0,20260225,20260324
IDFM:TN:49520743,1,1,1,1,1,0,0,20260225,20260324
IDFM:TN:49520764,1,1,1,1,1,0,0,20260225,20260324
IDFM:TN:49520801,0,1,1,1,1,0,0,20260310,20260313
IDFM:TN:49520986,0,0,1,0,0,0,0,20260310,20260320
IDFM:TN:49520989,0,0,1,0,1,0,0,20260318,20260320
IDFM:TN:49520998,1,0,0,0,0,0,1,20260301,20260323
IDFM:TN:49521023,0,0,0,0,0,1,1,20260301,20260322
IDFM:TN:49521033,0,0,0,0,0,1,1,20260228,20260301
IDFM:TN:49521115,1,1,1,1,1,1,1,20260225,20260324
IDFM:TN:49521116,0,0,0,0,0,1,1,20260228,20260322
IDFM:TN:49521117,1,1,1,1,1,1,1,20260225,20260324
IDFM:TN:49521233,1,1,1,1,1,0,1,20260225,20260324
IDFM:TN:49521236,1,1,1,1,1,0,1,20260225,20260324
IDFM:TN:49521237,1,1,1,1,1,1,1,20260225,20260324
IDFM:TN:49521240,0,0,0,0,0,0,1,20260301,20260322
IDFM:TN:49521243,0,0,0,0,0,0,1,20260301,20260315
IDFM:TN:49521256,0,0,0,0,0,0,1,20260228,20260308
IDFM:TN:49521274,0,0,0,0,0,1,1,20260307,20260322
IDFM:TN:49521297,0,0,0,0,0,1,1,20260301,20260322
IDFM:TN:49521339,1,1,1,1,1,1,1,20260225,20260324
IDFM:TN:49521351,0,0,0,0,0,0,1,20260301,20260322
IDFM:TN:49521431,1,0,1,1,1,0,0,20260225,20260323
IDFM:TN:49521453,0,1,0,0,0,0,0,20260303,20260324
IDFM:TN:49521484,1,0,0,1,1,0,0,20260225,20260319
IDFM:TN:49521486,1,1,1,1,1,0,0,20260225,20260320
IDFM:TN:49521492,1,1,1,1,1,0,0,20260225,20260324
IDFM:TN:49521659,0,1,0,0,0,0,0,20260310,20260324
IDFM:TN:49521662,1,1,1,1,1,0,0,20260225,20260324
IDFM:TN:49521663,1,1,1,1,1,0,0,20260316,20260320
IDFM:TN:49521668,1,0,0,0,0,0,0,20260302,20260323
IDFM:TN:49521669,1,1,1,1,1,1,1,20260225,20260324
IDFM:TN:49521671,0,0,0,0,0,1,1,20260228,20260322
IDFM:TN:49521673,1,1,0,0,0,0,1,20260228,20260324
IDFM:TN:49521677,0,0,0,0,0,1,1,20260228,20260322
IDFM:TN:49521707,1,1,1,1,1,0,0,20260225,20260324
IDFM:TN:49521767,0,0,0,0,0,1,1,20260307,20260308
IDFM:TN:49521820,0,0,0,0,0,1,1,20260228,20260322
IDFM:TN:49521853,0,1,1,0,0,0,0,20260310,20260311
IDFM:TN:49521927,0,1,1,1,1,1,0,20260225,20260324
IDFM:TN:49521939,1,0,0,0,0,0,0,20260309,20260309
IDFM:TN:49522032,0,0,0,0,0,1,0,20260228,20260314
IDFM:TN:49522040,0,0,0,0,0,0,1,20260301,20260308
IDFM:TN:49522042,0,0,0,0,0,0,1,20260301,20260315
IDFM:TN:49522057,0,0,0,0,0,1,0,20260228,20260314
IDFM:TN:49522075,0,0,0,0,0,1,0,20260301,20260314
IDFM:TN:49522077,0,0,0,0,0,1,0,20260228,20260307
IDFM:TN:49522082,0,0,0,0,0,0,1,20260302,20260315
IDFM:TN:49522142,1,1,1,1,1,1,1,20260225,20260324
IDFM:TN:49522143,1,1,1,1,1,1,1,20260227,20260324
IDFM:TN:49522144,1,1,1,1,1,1,1,20260228,20260324
IDFM:TN:49522155,0,0,0,0,0,0,1,20260301,20260324
IDFM:TN:49522156,0,0,0,0,0,1,1,20260228,20260324
IDFM:TN:49522157,0,0,0,0,0,1,1,20260228,20260324
IDFM:TN:49522161,1,1,1,1,1,1,1,20260301,20260324
IDFM:TN:49522163,1,1,1,1,1,1,1,20260225,20260313
IDFM:TN:49522177,0,0,0,0,1,0,0,20260227,20260313
IDFM:TN:49522182,0,0,0,0,0,1,0,20260228,20260324
IDFM:TN:49522184,1,1,1,1,0,1,1,20260225,20260324
IDFM:TN:49522188,1,1,1,1,1,0,1,20260225,20260313
IDFM:TN:49522191,0,1,0,1,1,1,1,20260226,20260324
IDFM:TN:49522195,1,0,1,0,0,0,0,20260225,20260311
IDFM:TN:49522199,1,1,0,0,0,1,1,20260314,20260324
IDFM:TN:49522202,0,1,1,1,1,1,1,20260225,20260324
IDFM:TN:49522206,0,0,0,0,0,1,1,20260225,20260324
IDFM:TN:49522225,1,1,1,1,1,0,1,20260225,20260324
IDFM:TN:49522227,0,0,0,1,0,0,0,20260225,20260312
IDFM:TN:49522229,1,1,1,0,1,1,0,20260227,20260313
IDFM:TN:49522233,1,0,1,0,1,1,1,20260225,20260324
IDFM:TN:49522236,0,1,0,1,0,0,0,20260226,20260312
IDFM:TN:49522238,1,1,0,0,0,1,1,20260228,20260324
IDFM:TN:49522243,0,0,0,0,0,0,1,20260308,20260324
IDFM:TN:49522251,1,1,1,1,1,0,0,20260227,20260313
IDFM:TN:49522298,1,0,0,0,0,0,0,20260302,20260309
IDFM:TN:49522379,1,1,1,1,1,0,0,20260227,20260324
IDFM:TN:49522457,0,1,0,1,1,1,1,20260226,20260324
IDFM:TN:49522482,0,0,1,0,0,0,0,20260225,20260304
IDFM:TN:49522660,1,1,1,1,1,1,1,20260227,20260324
IDFM:TN:49522869,1,1,0,1,1,1,1,20260226,20260324
IDFM:TN:49522877,1,1,1,1,1,1,0,20260225,20260324
IDFM:TN:49522890,1,1,0,0,1,1,1,20260227,20260324
IDFM:TN:49522902,0,0,1,1,0,0,0,20260225,20260312
IDFM:TN:49522964,1,1,1,1,0,0,0,20260225,20260324
IDFM:TN:49523033,0,0,0,0,1,0,0,20260227,20260313
IDFM:TN:49523069,1,0,0,0,0,1,1,20260227,20260323
IDFM:TN:49523073,0,1,0,1,1,0,0,20260226,20260313
IDFM:TN:49523109,1,1,0,0,0,1,1,20260228,20260324
IDFM:TN:49523111,1,1,0,0,0,1,1,20260228,20260324
IDFM:TN:49523114,0,1,1,1,0,0,0,20260225,20260324
IDFM:TN:49523133,0,0,0,0,0,1,0,20260228,20260321
IDFM:TN:49523240,1,1,1,1,1,0,0,20260302,20260324
IDFM:TN:49523242,1,1,1,1,1,0,1,20260227,20260324
IDFM:TN:49523244,1,1,1,1,1,0,1,20260302,20260324
IDFM:TN:49523272,0,0,0,0,1,0,0,20260227,20260227
IDFM:TN:49523302,1,1,1,1,0,0,0,20260225,20260324
IDFM:TN:49523311,0,0,0,0,1,0,0,20260227,20260306
IDFM:TN:49523362,0,0,1,0,0,0,0,20260225,20260225
IDFM:TN:49523365,0,0,0,1,0,0,0,20260226,20260226
IDFM:TN:49523377,0,0,0,0,0,1,0,20260228,20260314
IDFM:TN:49523381,0,0,0,0,0,1,0,20260228,20260314
IDFM:TN:49523422,0,0,1,1,1,1,0,20260225,20260228
IDFM:TN:49523466,0,0,0,0,0,1,1,20260225,20260313
IDFM:TN:49523471,0,0,1,1,1,1,1,20260225,20260313
IDFM:TN:49523478,0,0,1,1,1,1,1,20260225,20260313
IDFM:TN:49523483,0,0,0,1,1,1,1,20260225,20260313
IDFM:TN:49523486,1,1,1,1,0,1,1,20260225,20260312
IDFM:TN:49523505,0,0,1,1,1,0,0,20260225,20260313
IDFM:TN:49523532,0,0,1,0,0,0,0,20260311,20260311
IDFM:TN:49523552,1,1,1,1,1,1,0,20260225,20260324
IDFM:TN:49523579,0,0,0,0,0,0,1,20260308,20260322
IDFM:TN:49523682,1,1,0,0,0,1,0,20260314,20260324
IDFM:TN:49523697,0,0,0,0,0,1,1,20260228,20260313
IDFM:TN:49523708,0,0,0,0,0,1,1,20260228,20260313
IDFM:TN:49523717,1,1,1,1,1,1,1,20260228,20260313
IDFM:TN:49523768,1,1,1,1,1,1,1,20260225,20260324
IDFM:TN:49523774,1,1,1,1,1,1,1,20260225,20260324
IDFM:TN:49523777,0,0,0,0,0,1,1,20260307,20260322
IDFM:TN:49523811,1,1,1,1,1,1,1,20260225,20260324
IDFM:TN:49523916,1,1,0,0,1,1,1,20260227,20260324
IDFM:TN:49523932,0,0,0,0,0,1,1,20260307,20260324
IDFM:TN:49523955,0,0,0,0,0,0,1,20260301,20260322
IDFM:TN:49523964,0,0,0,0,1,0,0,20260306,20260306
IDFM:TN:49524081,1,1,1,1,1,1,0,20260225,20260324
IDFM:TN:49524085,1,1,1,1,1,1,1,20260225,20260324
IDFM:TN:49524096,1,1,1,1,1,1,1,20260225,20260324
IDFM:TN:49524106,0,0,0,0,0,1,1,20260301,20260322
IDFM:TN:49524134,0,1,0,0,0,0,0,20260317,20260317
IDFM:TN:49524220,1,1,1,1,1,0,1,20260225,20260324
IDFM:TN:49524222,1,1,1,1,1,1,0,20260225,20260324
IDFM:TN:49524313,0,0,0,0,0,0,1,20260308,20260322
IDFM:TN:49524328,1,1,1,1,0,1,1,20260225,20260324
IDFM:TN:49524336,1,1,1,1,1,1,0,20260225,20260324
IDFM:TN:49524340,1,1,1,1,0,0,0,20260316,20260319
IDFM:TN:49524341,0,0,0,0,1,0,0,20260227,20260320
IDFM:TN:49524420,0,1,1,1,1,0,0,20260303,20260306
IDFM:TN:49524500,1,0,0,0,0,0,0,20260302,20260316
IDFM:TN:49524505,0,0,0,0,1,1,1,20260225,20260324
IDFM:TN:49524506,1,1,0,0,0,0,0,20260316,20260324
IDFM:TN:49524507,0,0,1,1,1,1,1,20260225,20260321
IDFM:TN:49524508,1,1,1,1,1,1,1,20260225,20260323
IDFM:TN:49524522,0,0,0,0,0,1,1,20260228,20260322
IDFM:TN:49524525,1,1,1,1,1,0,0,20260225,20260313
IDFM:TN:49524526,1,1,1,1,1,0,1,20260225,20260315
IDFM:TN:49524533,0,0,0,0,0,1,1,20260307,20260322
IDFM:TN:49524534,1,1,0,1,1,1,1,20260225,20260324
IDFM:TN:49524540,0,0,0,0,1,0,0,20260320,20260320
IDFM:TN:49524548,1,1,0,0,0,0,0,20260316,20260324
IDFM:TN:49524553,1,1,1,1,0,0,0,20260302,20260320
IDFM:TN:49524591,1,1,1,1,1,0,0,20260226,20260324
IDFM:TN:49524662,1,1,1,1,1,0,1,20260302,20260321
IDFM:TN:49524663,0,0,0,0,0,1,1,20260228,20260315
IDFM:TN:49524664,1,1,1,1,1,1,1,20260228,20260315
IDFM:TN:49524667,1,1,1,1,1,1,1,20260302,20260315
IDFM:TN:49524668,0,0,1,1,1,1,1,20260225,20260315
IDFM:TN:49524672,1,1,1,1,1,0,0,20260302,20260322
IDFM:TN:49524673,0,0,1,1,0,1,1,20260225,20260301
IDFM:TN:49524674,0,0,1,1,1,1,1,20260225,20260301
IDFM:TN:49524677,0,0,0,0,0,1,1,20260225,20260324
IDFM:TN:49524679,1,1,1,0,0,0,0,20260228,20260311
IDFM:TN:49524681,1,1,1,1,1,1,1,20260316,20260322
IDFM:TN:49524683,0,0,0,1,1,1,0,20260305,20260314
IDFM:TN:49524684,1,1,0,0,0,0,0,20260316,20260324
IDFM:TN:49524695,1,1,1,1,1,1,1,20260302,20260324
IDFM:TN:49524710,1,1,1,1,1,0,1,20260316,20260322
IDFM:TN:49524717,0,0,0,1,1,0,0,20260319,20260320
IDFM:TN:49524735,0,0,0,0,0,1,1,20260228,20260315
IDFM:TN:49524737,1,1,0,0,0,0,0,20260316,20260324
IDFM:TN:49524750,0,0,0,1,1,0,0,20260312,20260313
IDFM:TN:49524751,0,0,0,0,0,0,1,20260225,20260322
IDFM:TN:49524789,0,0,0,0,0,1,1,20260225,20260324
IDFM:TN:49524793,1,1,1,1,1,0,0,20260302,20260320
IDFM:TN:49524798,1,1,1,1,1,0,1,20260301,20260322
IDFM:TN:49524801,1,1,0,1,0,0,0,20260302,20260319
IDFM:TN:49524803,1,1,1,1,1,1,1,20260225,20260322
IDFM:TN:49524808,0,0,0,0,0,1,1,20260225,20260322
IDFM:TN:49524811,1,1,1,1,1,1,0,20260302,20260324
IDFM:TN:49524817,1,1,1,1,1,1,1,20260225,20260324
IDFM:TN:49524818,0,0,0,0,0,1,1,20260306,20260324
IDFM:TN:49524849,0,0,1,0,1,1,1,20260225,20260301
IDFM:TN:49524864,0,0,1,1,1,0,0,20260225,20260320
IDFM:TN:49524886,1,1,1,1,0,1,1,20260225,20260323
IDFM:TN:49524889,1,1,1,1,1,1,0,20260228,20260324
IDFM:TN:49524896,1,1,1,1,1,1,1,20260226,20260324
IDFM:TN:49524900,1,1,1,1,1,0,1,20260225,20260324
IDFM:TN:49524903,1,1,1,1,1,0,1,20260225,20260324
IDFM:TN:49524906,1,0,1,1,1,1,1,20260225,20260323
IDFM:TN:49524909,0,0,0,0,1,0,0,20260227,20260324
IDFM:TN:49524918,0,0,0,0,1,0,0,20260313,20260320
IDFM:TN:49525012,1,1,1,1,1,0,0,20260225,20260324
IDFM:TN:49525034,1,0,0,0,0,0,0,20260301,20260323
IDFM:TN:49525081,0,0,0,0,0,1,0,20260307,20260321
IDFM:TN:49525101,0,0,0,0,0,1,1,20260228,20260322
IDFM:TN:49525117,0,0,0,0,0,1,1,20260228,20260322
IDFM:TN:49525173,1,0,0,0,0,0,0,20260302,20260323
IDFM:TN:49525183,0,0,0,0,0,0,1,20260228,20260322
IDFM:TN:49525191,0,0,0,0,0,1,1,20260225,20260322
IDFM:TN:49525222,1,1,1,1,1,0,0,20260225,20260324
IDFM:TN:49525279,1,1,1,1,0,1,1,20260225,20260324
IDFM:TN:49525283,1,1,1,1,1,1,1,20260225,20260324
IDFM:TN:49525358,1,1,1,1,0,0,0,20260225,20260324
IDFM:TN:49525370,1,1,1,1,1,0,1,20260225,20260322
IDFM:TN:49525527,1,1,1,1,1,1,0,20260225,20260324
IDFM:TN:49525548,1,1,1,1,1,0,1,20260225,20260324
IDFM:TN:49525616,1,1,1,1,1,1,0,20260225,20260323
IDFM:TN:49525713,0,1,1,1,1,0,0,20260225,20260324
IDFM:TN:49525719,0,0,0,0,1,0,0,20260227,20260320
IDFM:TN:49525724,1,1,1,1,0,0,0,20260225,20260324
IDFM:TN:49525865,1,1,1,1,1,1,1,20260225,20260324
IDFM:TN:49526017,1,1,1,1,1,0,0,20260302,20260320
IDFM:TN:49526031,1,0,0,0,0,0,1,20260301,20260324
IDFM:TN:49526037,0,0,0,0,0,1,1,20260225,20260324
IDFM:TN:49526166,1,1,1,1,1,1,1,20260225,20260323
IDFM:TN:49526197,0,1,1,1,1,1,1,20260225,20260324
IDFM:TN:49526240,1,0,0,0,0,0,0,20260309,20260323
IDFM:TN:49526392,0,1,1,1,1,1,0,20260225,20260321
IDFM:TN:49527388,0,0,0,0,0,0,1,20260301,20260315
IDFM:TN:49527389,1,0,0,0,0,0,0,20260302,20260323
IDFM:TN:49527390,1,0,0,0,0,0,1,20260301,20260323
IDFM:TN:49527459,1,1,1,1,1,0,0,20260225,20260324
IDFM:TN:49527639,0,0,0,0,0,1,1,20260228,20260324
IDFM:TN:49527677,1,0,0,0,0,0,1,20260301,20260324
IDFM:TN:49528329,1,0,0,0,0,0,1,20260301,20260323
IDFM:TN:49528593,0,0,0,0,0,1,1,20260228,20260322
IDFM:TN:49528865,1,1,1,1,1,0,0,20260225,20260324
IDFM:TN:49528938,0,1,1,1,1,1,0,20260303,20260314
IDFM:TN:49529233,0,1,1,1,1,1,0,20260225,20260314
IDFM:TN:49529242,0,1,0,0,0,0,0,20260317,20260324
IDFM:TN:49529496,0,0,0,0,0,1,1,20260228,20260322
IDFM:TN:49529502,0,0,0,0,0,1,1,20260228,20260322
IDFM:TN:49529570,1,0,0,0,0,0,1,20260301,20260323
IDFM:TN:49529907,0,1,1,1,1,1,0,20260225,20260324
IDFM:TN:49530083,0,1,0,0,0,0,0,20260308,20260324
IDFM:TN:49531494,1,1,0,0,0,0,0,20260307,20260324
IDFM:TN:49531851,0,0,0,0,0,1,1,20260228,20260322
IDFM:TN:49531874,1,1,1,1,1,1,1,20260225,20260324
IDFM:TN:49532000,0,1,1,1,1,0,0,20260303,20260324
IDFM:TN:49532121,0,0,0,1,1,0,0,20260226,20260324
IDFM:TN:49532125,1,0,1,0,0,0,0,20260225,20260323
IDFM:TN:49532593,0,0,0,0,0,1,0,20260228,20260321
IDFM:TN:49532704,0,0,0,1,1,0,0,20260305,20260324
IDFM:TN:49532705,1,0,1,0,0,0,0,20260302,20260323
IDFM:TN:49532982,0,0,0,0,0,1,0,20260228,20260321
IDFM:TN:49533766,0,1,1,1,1,1,0,20260303,20260324
IDFM:TN:49533795,0,1,1,1,1,1,0,20260225,20260324
IDFM:TN:49534107,1,0,0,0,0,0,0,20260302,20260323
IDFM:TN:49534109,0,0,0,0,0,0,1,20260301,20260322
IDFM:TN:49534393,0,0,0,1,1,0,0,20260226,20260227
IDFM:TN:49534554,1,0,0,0,0,0,1,20260301,20260323
IDFM:TN:49534567,1,0,0,0,0,0,0,20260302,20260323
IDFM:TN:49534974,1,1,0,0,1,0,0,20260309,20260324
IDFM:TN:49535099,0,1,1,1,0,0,0,20260310,20260312
IDFM:TN:49535107,0,1,1,1,1,1,0,20260310,20260324
IDFM:TN:49535564,0,0,1,0,0,0,0,20260225,20260306
IDFM:TN:49535631,0,0,0,0,0,1,1,20260301,20260315
IDFM:TN:49535633,1,0,0,0,0,0,1,20260302,20260316
IDFM:TN:49536248,0,0,0,0,0,0,1,20260301,20260308
IDFM:TN:49536295,0,0,1,1,1,1,0,20260225,20260307
IDFM:TN:49536705,0,1,1,1,1,0,0,20260310,20260324
IDFM:TN:49536856,1,1,1,1,1,1,1,20260225,20260324
IDFM:TN:49537116,1,1,1,1,0,0,0,20260309,20260324
IDFM:TN:49537168,1,1,0,0,0,0,0,20260309,20260324
IDFM:TN:49537253,1,1,0,0,0,1,1,20260228,20260324
IDFM:TN:49537780,0,0,1,1,1,1,1,20260225,20260322
IDFM:TN:49537809,0,1,1,1,0,0,0,20260225,20260324
IDFM:TN:49537811,1,1,1,1,1,1,1,20260309,20260324
IDFM:TN:49537816,0,0,0,0,1,1,1,20260227,20260324
IDFM:TN:49537817,0,0,0,0,1,1,0,20260227,20260307
IDFM:TN:49537819,0,0,1,1,1,1,1,20260225,20260308
IDFM:TN:49537820,1,1,1,1,0,0,0,20260302,20260312
IDFM:TN:49537830,0,0,1,1,1,0,0,20260225,20260306
IDFM:TN:49537844,0,0,1,1,0,0,0,20260225,20260305
IDFM:TN:49537863,0,0,0,0,0,1,0,20260225,20260321
IDFM:TN:49537868,1,1,1,1,0,1,0,20260225,20260324
IDFM:TN:49537873,1,0,0,0,0,0,0,20260225,20260323
IDFM:TN:49537877,0,1,0,0,0,0,0,20260317,20260324
IDFM:TN:49537879,0,0,0,0,0,1,0,20260227,20260321
IDFM:TN:49537895,0,1,1,1,0,0,0,20260225,20260312
IDFM:TN:49537899,1,0,0,0,0,0,0,20260316,20260323
IDFM:TN:49537904,0,0,0,0,1,0,0,20260313,20260313
IDFM:TN:49537926,0,0,0,0,1,0,1,20260227,20260322
IDFM:TN:49537983,1,1,0,0,0,0,1,20260301,20260324
IDFM:TN:49538017,0,1,1,1,0,0,0,20260310,20260320
IDFM:TN:49538019,0,0,1,0,1,0,0,20260225,20260227
IDFM:TN:49538021,1,1,1,1,0,0,0,20260225,20260324
IDFM:TN:49538025,0,1,1,1,0,0,0,20260303,20260305
IDFM:TN:49538045,1,1,1,1,1,0,0,20260225,20260324
IDFM:TN:49538048,0,0,0,0,1,0,0,20260225,20260306
IDFM:TN:49538049,1,1,1,1,1,0,0,20260225,20260324
IDFM:TN:49538050,0,0,0,0,1,1,1,20260227,20260301
IDFM:TN:49538057,1,1,1,1,1,1,1,20260302,20260308
IDFM:TN:49538064,1,0,1,1,1,0,0,20260225,20260313
IDFM:TN:49538078,0,0,0,0,0,0,1,20260227,20260308
IDFM:TN:49538094,0,0,0,0,1,0,0,20260306,20260313
IDFM:TN:49538117,1,1,1,1,0,0,0,20260225,20260312
IDFM:TN:49538128,1,1,1,1,0,0,0,20260302,20260319
IDFM:TN:49538135,1,1,1,1,1,0,0,20260302,20260320
IDFM:TN:49538149,1,0,0,0,1,0,0,20260302,20260306
IDFM:TN:49538158,1,0,0,0,1,0,0,20260309,20260313
IDFM:TN:49538164,0,0,0,0,1,0,0,20260306,20260320
IDFM:TN:49538219,0,0,0,1,0,0,0,20260226,20260305
IDFM:TN:49538223,1,1,0,0,0,0,0,20260316,20260324
IDFM:TN:49538228,0,1,1,1,1,0,0,20260225,20260324
IDFM:TN:49538231,0,1,0,1,1,0,0,20260226,20260324
IDFM:TN:49538234,1,0,0,0,0,0,0,20260302,20260323
IDFM:TN:49538235,1,0,1,1,1,0,0,20260316,20260320
IDFM:TN:49538247,1,1,1,1,0,0,0,20260302,20260324
IDFM:TN:49538266,0,0,1,1,1,0,0,20260225,20260320
IDFM:TN:49538273,1,1,0,0,0,0,1,20260301,20260324
IDFM:TN:49538435,0,0,1,1,1,1,0,20260225,20260321
IDFM:TN:49538489,1,1,0,0,0,0,0,20260302,20260324
IDFM:TN:49538515,1,1,0,0,1,0,0,20260306,20260324
IDFM:TN:49538563,1,1,1,1,0,0,0,20260309,20260312
IDFM:TN:49538568,1,1,1,1,1,0,0,20260225,20260324
IDFM:TN:49538677,0,1,1,1,0,0,0,20260302,20260324
IDFM:TN:49538683,1,0,0,0,0,0,0,20260309,20260320
IDFM:TN:49538685,1,0,0,0,0,0,0,20260302,20260323
IDFM:TN:49538697,1,1,0,0,1,0,0,20260303,20260324
IDFM:TN:49538699,0,1,0,1,0,0,0,20260304,20260324
IDFM:TN:49538700,1,0,0,0,1,0,0,20260302,20260320
IDFM:TN:49538714,1,1,1,1,1,0,0,20260225,20260324
IDFM:TN:49538715,0,1,1,1,1,1,0,20260225,20260324
IDFM:TN:49538729,1,0,0,0,0,0,0,20260309,20260323
IDFM:TN:49539998,0,0,0,1,1,0,0,20260226,20260320
IDFM:TN:49540000,0,0,1,0,0,0,0,20260225,20260318
IDFM:TN:49540003,0,0,0,1,0,1,0,20260226,20260321
IDFM:TN:49540064,0,0,0,1,1,0,0,20260312,20260320
IDFM:TN:49540065,1,1,1,0,0,0,0,20260310,20260324
IDFM:TN:49540067,0,1,0,1,0,0,0,20260310,20260324
IDFM:TN:49540069,1,1,1,0,0,0,0,20260309,20260324
IDFM:TN:49540070,1,0,0,0,1,0,0,20260309,20260323
IDFM:TN:49540073,0,1,1,1,1,0,0,20260303,20260324
IDFM:TN:49540096,0,1,1,1,1,1,0,20260303,20260307
IDFM:TN:49540099,0,0,1,0,0,0,0,20260310,20260323
IDFM:TN:49540101,0,1,0,0,0,0,0,20260310,20260324
IDFM:TN:49540103,0,0,0,1,0,0,0,20260312,20260319
IDFM:TN:49540105,0,1,1,0,0,0,0,20260303,20260304
IDFM:TN:49540106,0,0,0,0,1,0,0,20260313,20260323
IDFM:TN:49540107,1,0,0,0,0,0,0,20260313,20260323
IDFM:TN:49540108,0,1,0,0,0,1,0,20260317,20260321
IDFM:TN:49540113,0,0,1,1,0,0,0,20260311,20260312
IDFM:TN:49540114,0,0,1,0,1,1,0,20260225,20260228
IDFM:TN:49540119,0,0,1,1,0,1,0,20260304,20260307
IDFM:TN:49540121,1,1,0,0,0,0,0,20260309,20260324
IDFM:TN:49540122,1,0,0,1,1,0,0,20260302,20260306
IDFM:TN:49540123,1,1,0,0,1,0,0,20260302,20260306
IDFM:TN:49540127,0,0,1,1,0,0,0,20260304,20260305
IDFM:TN:49540129,0,1,0,0,0,0,0,20260310,20260324
IDFM:TN:49540133,0,0,0,1,0,0,0,20260305,20260305
IDFM:TN:49540137,1,1,0,0,0,0,0,20260302,20260303
IDFM:TN:49540140,0,0,1,0,0,0,0,20260304,20260304
IDFM:TN:49540141,1,0,0,0,1,0,0,20260310,20260323
IDFM:TN:49540143,0,1,0,1,0,0,0,20260309,20260324
IDFM:TN:49540144,1,1,0,0,0,0,0,20260309,20260324
IDFM:TN:49540146,1,1,1,0,1,0,0,20260302,20260306
IDFM:TN:49540148,1,1,0,0,0,0,0,20260310,20260323
IDFM:TN:49540154,0,1,0,0,0,1,0,20260310,20260321
IDFM:TN:49540156,0,0,1,0,1,0,0,20260311,20260324
IDFM:TN:49540169,0,1,1,1,1,1,0,20260303,20260324
IDFM:TN:49540188,0,1,1,1,1,1,0,20260317,20260321
IDFM:TN:49540838,1,0,0,1,1,0,0,20260226,20260323
IDFM:TN:49544814,1,1,1,1,0,0,0,20260225,20260324
IDFM:TN:49544836,0,1,0,1,0,0,0,20260226,20260324
IDFM:TN:49544838,1,0,0,0,0,0,0,20260225,20260318
IDFM:TN:49545292,1,0,0,0,0,0,0,20260309,20260316
IDFM:TN:49545346,1,0,0,1,0,0,0,20260226,20260319
IDFM:TN:49545352,0,1,1,0,1,0,0,20260225,20260320
IDFM:TN:49545421,0,1,1,0,1,0,0,20260225,20260324
IDFM:TN:49545422,1,0,0,1,0,0,0,20260226,20260323
IDFM:TN:49546967,1,1,1,1,1,1,0,20260225,20260324
IDFM:TN:49546973,1,1,1,1,1,1,1,20260225,20260324
IDFM:TN:49546988,1,1,1,1,1,1,1,20260225,20260324
IDFM:TN:49547008,1,1,1,1,1,0,0,20260225,20260324
IDFM:TN:49547012,1,1,0,0,0,1,0,20260228,20260324
IDFM:TN:49547015,1,1,1,1,1,0,0,20260225,20260324
IDFM:TN:49547040,1,1,1,1,1,0,1,20260225,20260324
IDFM:TN:49547057,1,1,1,1,0,1,1,20260225,20260324
IDFM:TN:49547080,1,1,1,1,1,1,1,20260225,20260315
IDFM:TN:49547087,1,1,1,1,1,0,1,20260225,20260324
IDFM:TN:49547103,1,1,1,1,1,1,0,20260225,20260314
IDFM:TN:49547130,0,1,1,1,1,1,1,20260225,20260324
IDFM:TN:49547131,1,1,0,1,1,0,0,20260226,20260324
IDFM:TN:49547139,0,0,1,0,0,1,1,20260225,20260315
IDFM:TN:49547200,1,1,1,1,0,1,1,20260225,20260324
IDFM:TN:49547214,0,0,0,0,0,1,0,20260307,20260324
IDFM:TN:49547218,1,1,1,1,1,0,1,20260302,20260322
IDFM:TN:49547252,1,1,1,1,0,0,0,20260225,20260319
IDFM:TN:49547265,1,1,1,1,1,1,1,20260225,20260324
IDFM:TN:49547303,0,0,1,0,0,0,0,20260225,20260304
IDFM:TN:49547319,0,0,1,0,0,0,0,20260225,20260304
IDFM:TN:49547321,1,1,0,1,0,0,0,20260305,20260324
IDFM:TN:49547325,1,1,0,1,0,0,0,20260312,20260324
IDFM:TN:49547335,1,1,0,1,1,0,0,20260305,20260324
IDFM:TN:49547366,0,0,0,1,0,0,0,20260305,20260312
IDFM:TN:49547384,0,0,0,0,1,0,0,20260306,20260324
IDFM:TN:49547451,1,1,0,1,1,0,0,20260226,20260324
IDFM:TN:49547458,0,0,1,0,0,0,0,20260225,20260318
IDFM:TN:49547483,0,0,0,0,0,1,1,20260308,20260322
IDFM:TN:49547541,1,1,1,1,1,0,0,20260225,20260324
IDFM:TN:49547575,1,1,1,1,1,1,1,20260225,20260324
IDFM:TN:49424692,1,0,0,0,0,0,0,20260223,20260223
IDFM:TN:49364856,0,0,0,0,0,0,1,20260222,20260222
IDFM:TN:49305182,0,0,0,0,0,1,0,20260221,20260221
IDFM:TN:49216451,0,0,0,0,1,0,0,20260220,20260220
