route_long_name,route_short_name,agency_id,route_type,route_id,route_color,route_text_color
,10,28,2,854,,
,12N,119,2,463,,
,12N,28,2,702,,
,12N,31,2,802,,
,12N,70,2,734,,
,16,29,2,628,,
,2,31,2,393,,
,20,79,2,373,,
,20N,119,2,292,,
,20N,31,2,575,,
,27,28,2,311,,
,27,30,2,246,,
,27,70,2,735,,
,27N,102,2,623,,
,27N,28,2,752,,
,27N,31,2,893,,
,27N,48,2,176,,
,3,31,2,759,,
,43N,119,2,318,,
,43N,31,2,530,,
,50,31,2,189,,
,51,31,2,808,,
,6,31,2,541,,
,62,28,2,405,,
,62N,14,2,861,,
,62N,31,2,369,,
,62N,48,2,132,,
,75,103,2,911,,
,75,29,2,224,,
,82,116,2,80,,
,82,28,2,916,,
,83,116,2,491,,
,83,28,2,47,,
,84,116,2,166,,
,84,28,2,329,,
,89,28,2,629,,
,90,28,2,534,,
,90N,31,2,878,,
,91N,31,2,611,,
,A1,112,2,38,,
,A2,112,2,268,,
,A3,112,2,118,,
,C11,84,2,612,,
,C13,84,2,212,,
,C14,84,2,764,,
,C15,84,2,452,,
,CD 030,101,2,564,,
,CD 034,101,2,273,,
,CD 035,101,2,723,,
,CD 036,101,2,171,,
,CD 037,101,2,2,,
,CD 038,101,2,151,,
,CD 040,101,2,512,,
,CD 041,101,2,531,,
,CD 042,101,2,185,,
,CD 044,101,2,476,,
,CD 064,101,2,677,,
,CD 070,101,2,547,,
,CD 076,101,2,717,,
,CD 080,101,2,744,,
,CD 081,101,2,559,,
,CD 083,101,2,374,,
,CD 084,101,2,471,,
,CD 085,101,2,766,,
,CD 086,101,2,660,,
,CD 087,101,2,517,,
,DPN,60,2,607,,
,DPN,70,2,21,,
,DRB,121,2,336,,
,DRB,98,2,72,,
,DRF,37,2,199,,
,DRF,74,2,332,,
,DRF,8,2,388,,
,DRF,85,2,600,,
,ECM,28,2,809,,
,ECM,29,2,588,,
,ECM,76,2,565,,
,FEX,114,2,593,,
,FEX,61,2,673,,
,FLX10,20,2,240,73D700,FFFFFF
,HBX,54,2,736,,
,HSB,107,2,347,,
,HSB,12,2,792,,
,IC34,119,2,167,,
,IC35,119,2,225,,
,IC51,119,2,105,,
,IC56,119,2,27,,
,IC57,119,2,548,,
,IC87,119,2,274,,
,L24,101,2,615,,
,L7,18,2,502,,
,Lößnitzgrundbahn,38,2,753,,
,MBB,94,2,707,,
,MEX12,43,2,207,,
,MEX13,17,2,68,,
,MEX16,17,2,841,,
,MEX17,43,2,22,,
,MEX17a,43,2,775,,
,MEX17c,43,2,748,,
,MEX18,43,2,333,,
,MEX19,58,2,186,,
,MEX71,43,2,324,,
,MEX90,58,2,110,,
,N14,103,2,243,,
,N65,103,2,855,,
,N71,103,2,61,,
,NJ,29,2,900,,
,NJ,31,2,862,,
,NRB,113,2,639,,
,NRE,59,2,681,,
,Os,70,2,156,,
,P,1,2,177,,
,P,87,2,617,,
,R,31,2,761,,
,R,64,2,193,,
,RB1,60,2,281,,
,RB10,106,2,724,,
,RB10,69,2,63,,
,RB10a,43,2,410,,
,RB11,58,2,803,,
,RB11,73,2,687,,
,RB11,78,2,259,,
,RB110,115,2,513,,
,RB113,52,2,570,,
,RB12,120,2,168,,
,RB12,32,2,360,,
,RB12,73,2,209,,
,RB12,83,2,624,,
,RB13,106,2,890,,
,RB13,3,2,464,,
,RB13,88,2,134,,
,RB14,3,2,56,,
,RB140,60,2,497,,
,RB145,60,2,554,,
,RB15,106,2,887,,
,RB15,32,2,635,,
,RB15,4,2,634,,
,RB15,83,2,685,,
,RB16,32,2,776,,
,RB16,42,2,77,,
,RB16,73,2,43,,
,RB16,83,2,589,,
,RB17,106,2,523,,
,RB17,4,2,477,,
,RB17,43,2,645,,
,RB18,4,2,233,,
,RB18,43,2,361,,
,RB2,60,2,846,,
,RB20,114,2,101,,
,RB20,41,2,493,,
,RB20,59,2,817,,
,RB21,108,2,365,,
,RB21,114,2,351,,
,RB21,71,2,901,,
,RB21,73,2,453,,
,RB21,88,2,457,,
,RB22,10,2,366,,
,RB22,114,2,200,,
,RB22,4,2,786,,
,RB22,59,2,389,,
,RB22,88,2,213,,
,RB23,114,2,296,,
,RB23,26,2,777,,
,RB23,66,2,312,,
,RB23,78,2,444,,
,RB23,88,2,767,,
,RB24,114,2,818,,
,RB24,4,2,275,,
,RB24,59,2,524,,
,RB24,78,2,514,,
,RB25,120,2,481,,
,RB25,41,2,84,,
,RB25,59,2,804,,
,RB25,73,2,661,,
,RB25,78,2,39,,
,RB26,118,2,745,,
,RB26,120,2,525,,
,RB26,35,2,842,,
,RB26,4,2,597,,
,RB26,58,2,551,,
,RB26,86,2,515,,
,RB26,88,2,10,,
,RB27,120,2,44,,
,RB27,26,2,762,,
,RB27,58,2,703,,
,RB27,59,2,772,,
,RB27,60,2,234,,
,RB27,70,2,64,,
,RB27,88,2,106,,
,RB28,116,2,133,,
,RB28,26,2,204,,
,RB28,58,2,516,,
,RB28,71,2,642,,
,RB28,78,2,843,,
,RB28,88,2,442,,
,RB29,108,2,13,,
,RB29,26,2,560,,
,RB30,115,2,810,,
,RB30,58,2,498,,
,RB30,59,2,636,,
,RB30,73,2,905,,
,RB31,13,2,528,,
,RB31,49,2,549,,
,RB31,57,2,465,,
,RB31,58,2,793,,
,RB31,73,2,217,,
,RB31,77,2,637,,
,RB31,78,2,73,,
,RB32,114,2,895,,
,RB32,35,2,466,,
,RB32,59,2,650,,
,RB32,86,2,643,,
,RB32,88,2,794,,
,RB32,92,2,912,,
,RB32,96,2,725,,
,RB33,100,2,581,,
,RB33,106,2,458,,
,RB33,118,2,85,,
,RB33,42,2,127,,
,RB33,52,2,439,,
,RB33,59,2,315,,
,RB33,73,2,370,,
,RB33,77,2,434,,
,RB34,10,2,483,,
,RB34,4,2,501,,
,RB34,46,2,342,,
,RB34,77,2,539,,
,RB35,120,2,689,,
,RB35,46,2,9,,
,RB35,50,2,32,,
,RB35,66,2,406,,
,RB35,77,2,130,,
,RB36,120,2,668,,
,RB36,50,2,749,,
,RB36,54,2,781,,
,RB36,57,2,196,,
,RB37,106,2,244,,
,RB37,108,2,580,,
,RB37,109,2,440,,
,RB37,110,2,427,,
,RB37,2,2,646,,
,RB37,36,2,795,,
,RB37,50,2,566,,
,RB37,58,2,824,,
,RB38,19,2,40,,
,RB38,36,2,716,,
,RB38,50,2,737,,
,RB38,59,2,669,,
,RB38,66,2,169,,
,RB39,19,2,407,,
,RB39,46,2,114,,
,RB4,19,2,647,,
,RB4,60,2,362,,
,RB40,108,2,415,,
,RB40,52,2,543,,
,RB40,59,2,322,,
,RB40,67,2,630,,
,RB40,88,2,3,,
,RB40,92,2,182,,
,RB41,10,2,894,,
,RB41,108,2,390,,
,RB41,13,2,571,,
,RB41,44,2,832,,
,RB41,54,2,896,,
,RB41,92,2,420,,
,RB42,11,2,769,,
,RB42,49,2,71,,
,RB42,92,2,550,,
,RB42,96,2,728,,
,RB42a,11,2,662,,
,RB43,11,2,879,,
,RB43,44,2,625,,
,RB43,54,2,288,,
,RB43,59,2,770,,
,RB43,78,2,178,,
,RB43,96,2,819,,
,RB43a,11,2,874,,
,RB44,10,2,499,,
,RB44,44,2,11,,
,RB44,54,2,738,,
,RB44,67,2,875,,
,RB44,77,2,459,,
,RB44,92,2,576,,
,RB45,108,2,323,,
,RB45,115,2,282,,
,RB45,66,2,608,,
,RB45,67,2,102,,
,RB45,92,2,505,,
,RB46,106,2,718,,
,RB46,108,2,882,,
,RB46,44,2,787,,
,RB46,46,2,146,,
,RB46,66,2,704,,
,RB46,67,2,190,,
,RB46,7,2,690,,
,RB46,92,2,367,,
,RB47,108,2,555,,
,RB47,54,2,247,,
,RB47,7,2,352,,
,RB47,92,2,740,,
,RB47,96,2,348,,
,RB48,10,2,41,,
,RB48,108,2,349,,
,RB48,44,2,796,,
,RB48,55,2,277,,
,RB48,67,2,325,,
,RB48,92,2,382,,
,RB49,108,2,782,,
,RB49,78,2,235,,
,RB49,92,2,487,,
,RB5,45,2,797,,
,RB5,60,2,811,,
,RB50,54,2,613,,
,RB50,88,2,69,,
,RB50,91,2,356,,
,RB51,10,2,147,,
,RB51,106,2,495,,
,RB51,118,2,241,,
,RB51,4,2,421,,
,RB51,52,2,337,,
,RB51,59,2,358,,
,RB52,108,2,391,,
,RB52,111,2,284,,
,RB52,52,2,103,,
,RB52,59,2,678,,
,RB52,92,2,394,,
,RB53,111,2,496,,
,RB53,49,2,711,,
,RB53,52,2,304,,
,RB53,58,2,869,,
,RB53,59,2,708,,
,RB53,66,2,160,,
,RB53,72,2,250,,
,RB53,73,2,187,,
,RB54,104,2,42,,
,RB54,111,2,183,,
,RB54,118,2,783,,
,RB54,120,2,399,,
,RB54,59,2,94,,
,RB55,111,2,326,,
,RB55,118,2,469,,
,RB55,33,2,395,,
,RB55,78,2,568,,
,RB56,25,2,290,,
,RB56,33,2,454,,
,RB56,9,2,424,,
,RB57,33,2,313,,
,RB57,41,2,482,,
,RB58,104,2,81,,
,RB58,108,2,590,,
,RB58,82,2,825,,
,RB59,41,2,96,,
,RB59,82,2,170,,
,RB59,91,2,305,,
,RB59,92,2,95,,
,RB6,31,2,416,,
,RB6,45,2,397,,
,RB6,73,2,285,,
,RB60,120,2,82,,
,RB60,18,2,161,,
,RB60,27,2,338,,
,RB60,63,2,847,,
,RB60,73,2,883,,
,RB61,10,2,45,,
,RB61,120,2,89,,
,RB61,18,2,411,,
,RB61,27,2,14,,
,RB61,46,2,428,,
,RB61,63,2,236,,
,RB61,7,2,478,,
,RB61,73,2,392,,
,RB61,91,2,260,,
,RB62,120,2,682,,
,RB62,66,2,111,,
,RB62,67,2,494,,
,RB62,73,2,602,,
,RB63,120,2,897,,
,RB63,27,2,838,,
,RB63,49,2,674,,
,RB63,59,2,343,,
,RB63,66,2,460,,
,RB63,73,2,377,,
,RB64,106,2,812,,
,RB64,111,2,826,,
,RB64,27,2,844,,
,RB64,59,2,400,,
,RB64,81,2,856,,
,RB65,106,2,179,,
,RB65,118,2,137,,
,RB65,15,2,510,,
,RB65,7,2,908,,
,RB65,73,2,561,,
,RB65,77,2,314,,
,RB65,91,2,269,,
,RB66,11,2,618,,
,RB66,111,2,448,,
,RB66,15,2,398,,
,RB66,46,2,383,,
,RB66,73,2,755,,
,RB66,91,2,805,,
,RB67,10,2,270,,
,RB67,111,2,23,,
,RB67,3,2,719,,
,RB67,91,2,261,,
,RB68,10,2,784,,
,RB68,11,2,654,,
,RB68,118,2,603,,
,RB68,3,2,594,,
,RB68,58,2,78,,
,RB68a,11,2,833,,
,RB69,3,2,164,,
,RB69,66,2,271,,
,RB69,91,2,319,,
,RB70,66,2,604,,
,RB71,27,2,712,,
,RB71,43,2,713,,
,RB71,52,2,242,,
,RB71,66,2,705,,
,RB71,77,2,814,,
,RB71,91,2,591,,
,RB72,52,2,330,,
,RB72,77,2,208,,
,RB72,91,2,408,,
,RB73,27,2,827,,
,RB73,42,2,619,,
,RB73,66,2,605,,
,RB73,73,2,540,,
,RB73,77,2,194,,
,RB73,91,2,162,,
,RB74,27,2,526,,
,RB74,42,2,479,,
,RB74,49,2,57,,
,RB74,73,2,131,,
,RB74,77,2,914,,
,RB74,82,2,306,,
,RB75,108,2,679,,
,RB75,27,2,760,,
,RB75,82,2,339,,
,RB76,11,2,6,,
,RB76,77,2,480,,
,RB76,88,2,798,,
,RB76,96,2,518,,
,RB77,3,2,472,,
,RB77,36,2,435,,
,RB77,54,2,532,,
,RB77,66,2,726,,
,RB78,73,2,870,,
,RB79,36,2,384,,
,RB79,73,2,35,,
,RB8,95,2,122,,
,RB80,113,2,51,,
,RB80,24,2,461,,
,RB80,67,2,655,,
,RB80,73,2,123,,
,RB81,113,2,436,,
,RB81,46,2,237,,
,RB81,66,2,863,,
,RB81,67,2,572,,
,RB81,73,2,104,,
,RB82,27,2,788,,
,RB82,46,2,344,,
,RB82,66,2,148,,
,RB82,67,2,300,,
,RB82,73,2,686,,
,RB83,21,2,806,,
,RB83,3,2,210,,
,RB83,45,2,506,,
,RB83,5,2,906,,
,RB83,66,2,535,,
,RB83,9,2,297,,
,RB83,99,2,756,,
,RB84,66,2,771,,
,RB84,82,2,245,,
,RB84,9,2,293,,
,RB84,96,2,714,,
,RB85,109,2,138,,
,RB85,67,2,62,,
,RB85,73,2,67,,
,RB85,82,2,437,,
,RB85,9,2,188,,
,RB86,24,2,864,,
,RB86,46,2,475,,
,RB86,67,2,7,,
,RB87,24,2,230,,
,RB87,45,2,4,,
,RB87,99,2,865,,
,RB88,9,2,115,,
,RB89,24,2,36,,
,RB89,91,2,871,,
,RB9,24,2,340,,
,RB90,108,2,577,,
,RB91,108,2,569,,
,RB91,114,2,582,,
,RB91,22,2,291,,
,RB91,46,2,422,,
,RB91,58,2,731,,
,RB91,73,2,107,,
,RB92,110,2,670,,
,RB92,114,2,651,,
,RB92,24,2,638,,
,RB92,58,2,417,,
,RB93,108,2,341,,
,RB93,114,2,301,,
,RB93,49,2,350,,
,RB93,58,2,648,,
,RB94,19,2,320,,
,RB94,73,2,595,,
,RB95,108,2,321,,
,RB95,113,2,449,,
,RB95,4,2,363,,
,RB96,108,2,592,,
,RB96,4,2,907,,
,RB97,19,2,97,,
,RB97,4,2,58,,
,RB97,68,2,409,,
,RB98,4,2,12,,
,RB99,4,2,59,,
,RE,103,2,99,,
,RE,16,2,601,,
,RE,29,2,706,,
,RE,31,2,272,,
,RE,99,2,152,,
,RE1,106,2,90,,
,RE1,5,2,60,,
,RE1,52,2,680,,
,RE1,55,2,820,,
,RE1,67,2,691,,
,RE1,73,2,423,,
,RE1,78,2,656,,
,RE1,90,2,915,,
,RE1,95,2,172,,
,RE10,54,2,140,,
,RE10,57,2,649,,
,RE10,73,2,46,,
,RE10,78,2,88,,
,RE10,96,2,262,,
,RE10a,43,2,65,,
,RE10b,43,2,671,,
,RE11,5,2,227,,
,RE11,52,2,425,,
,RE11,54,2,450,,
,RE11,55,2,441,,
,RE11,78,2,124,,
,RE11,99,2,226,,
,RE12,51,2,562,,
,RE12,59,2,302,,
,RE13,52,2,640,,
,RE13,77,2,211,,
,RE13,78,2,500,,
,RE13,91,2,386,,
,RE14,5,2,542,,
,RE14,52,2,5,,
,RE14,57,2,28,,
,RE14,73,2,807,,
,RE14a,58,2,672,,
,RE14b,58,2,620,,
,RE15,118,2,353,,
,RE15,39,2,834,,
,RE15,41,2,488,,
,RE15,77,2,785,,
,RE15,78,2,265,,
,RE16,116,2,694,,
,RE16,41,2,149,,
,RE16,46,2,116,,
,RE16,66,2,108,,
,RE16,73,2,412,,
,RE17,118,2,845,,
,RE17,59,2,909,,
,RE17,73,2,470,,
,RE17,77,2,91,,
,RE18,43,2,375,,
,RE18,59,2,446,,
,RE18,66,2,556,,
,RE18,78,2,657,,
,RE18,82,2,536,,
,RE19,46,2,402,,
,RE19,52,2,15,,
,RE19,66,2,848,,
,RE19,73,2,839,,
,RE2,114,2,666,,
,RE2,13,2,851,,
,RE2,35,2,197,,
,RE2,5,2,578,,
,RE2,58,2,218,,
,RE2,59,2,327,,
,RE2,66,2,157,,
,RE2,73,2,201,,
,RE2,77,2,24,,
,RE2,78,2,153,,
,RE2,90,2,195,,
,RE20,10,2,252,,
,RE20,114,2,278,,
,RE20,52,2,587,,
,RE20,73,2,141,,
,RE200,58,2,866,,
,RE21,51,2,431,,
,RE21,54,2,74,,
,RE22,23,2,596,,
,RE22,59,2,403,,
,RE22,73,2,29,,
,RE23,56,2,778,,
,RE24,108,2,25,,
,RE24,54,2,746,,
,RE25,56,2,573,,
,RE25,60,2,473,,
,RE25,66,2,695,,
,RE25,70,2,544,,
,RE28,73,2,872,,
,RE29,73,2,557,,
,RE3,106,2,857,,
,RE3,115,2,150,,
,RE3,13,2,205,,
,RE3,49,2,484,,
,RE3,52,2,511,,
,RE3,58,2,378,,
,RE3,73,2,30,,
,RE3,77,2,519,,
,RE3,78,2,253,,
,RE3,91,2,289,,
,RE30,10,2,451,,
,RE30,52,2,180,,
,RE30,53,2,263,,
,RE30,73,2,859,,
,RE30,78,2,849,,
,RE31,54,2,125,,
,RE31,73,2,163,,
,RE32,73,2,214,,
,RE33,73,2,53,,
,RE34,108,2,231,,
,RE34,46,2,507,,
,RE34,59,2,316,,
,RE34,77,2,552,,
,RE35,73,2,54,,
,RE38,73,2,696,,
,RE39,19,2,468,,
,RE4,11,2,667,,
,RE4,13,2,799,,
,RE4,5,2,503,,
,RE4,54,2,283,,
,RE4,55,2,142,,
,RE4,58,2,790,,
,RE4,77,2,266,,
,RE4,78,2,86,,
,RE4,92,2,747,,
,RE40,10,2,298,,
,RE40,73,2,335,,
,RE41,59,2,447,,
,RE41,73,2,584,,
,RE42,11,2,741,,
,RE42,59,2,426,,
,RE43,73,2,858,,
,RE44,57,2,508,,
,RE45,10,2,729,,
,RE45,66,2,840,,
,RE45,93,2,100,,
,RE47,73,2,158,,
,RE49,59,2,763,,
,RE5,10,2,303,,
,RE5,104,2,19,,
,RE5,45,2,730,,
,RE5,49,2,641,,
,RE5,55,2,732,,
,RE5,78,2,800,,
,RE5,80,2,902,,
,RE50,10,2,860,,
,RE50,106,2,145,,
,RE50,23,2,828,,
,RE50,49,2,850,,
,RE50,52,2,248,,
,RE50,53,2,492,,
,RE50,93,2,432,,
,RE51,78,2,563,,
,RE54,73,2,443,,
,RE55,49,2,545,,
,RE55,52,2,368,,
,RE55,73,2,880,,
,RE56,52,2,112,,
,RE57,59,2,119,,
,RE59,108,2,692,,
,RE6,115,2,537,,
,RE6,118,2,699,,
,RE6,43,2,750,,
,RE6,49,2,371,,
,RE6,54,2,779,,
,RE6,55,2,126,,
,RE6,67,2,354,,
,RE6,78,2,485,,
,RE60,10,2,813,,
,RE60,39,2,128,,
,RE60,73,2,357,,
,RE61,73,2,387,,
,RE62,67,2,835,,
,RE62,73,2,697,,
,RE66,11,2,884,,
,RE7,114,2,31,,
,RE7,52,2,121,,
,RE7,55,2,345,,
,RE7,58,2,286,,
,RE7,66,2,852,,
,RE7,67,2,888,,
,RE7,73,2,632,,
,RE70,10,2,79,,
,RE70,39,2,520,,
,RE70,67,2,364,,
,RE70,73,2,154,,
,RE71,43,2,379,,
,RE71,73,2,256,,
,RE72,27,2,698,,
,RE72,75,2,232,,
,RE73,10,2,380,,
,RE73,73,2,385,,
,RE74,27,2,401,,
,RE75,103,2,55,,
,RE75,73,2,533,,
,RE76,73,2,462,,
,RE78,91,2,836,,
,RE79,73,2,631,,
,RE8,106,2,202,,
,RE8,41,2,791,,
,RE8,59,2,143,,
,RE8,67,2,33,,
,RE8,95,2,652,,
,RE80,46,2,8,,
,RE80,67,2,317,,
,RE80,75,2,294,,
,RE80,9,2,891,,
,RE82,91,2,521,,
,RE83,96,2,644,,
,RE85,106,2,553,,
,RE85,46,2,203,,
,RE87,9,2,663,,
,RE89,75,2,48,,
,RE8X,67,2,585,,
,RE9,106,2,885,,
,RE9,41,2,75,,
,RE9,59,2,898,,
,RE9,66,2,49,,
,RE9,67,2,757,,
,RE9,75,2,228,,
,RE90,95,2,892,,
,RE92,75,2,359,,
,RE96,75,2,376,,
,RE97,19,2,87,,
,RE98,108,2,583,,
,RE99,108,2,527,,
,REX,31,2,219,,
,RJX,31,2,372,,
,RJX,48,2,829,,
,RS1,11,2,135,,
,RS1,82,2,355,,
,RS11,11,2,616,,
,RS12,11,2,98,,
,RS2,11,2,26,,
,RS2,49,2,413,,
,RS2,82,2,309,,
,RS21,49,2,50,,
,RS3,11,2,853,,
,RS3,82,2,664,,
,RS30,82,2,489,,
,RS4,11,2,700,,
,RS4,116,2,92,,
,RS4,82,2,307,,
,RS5,11,2,120,,
,RS51,11,2,599,,
,RS6,82,2,821,,
,RS7,73,2,822,,
,RS71,73,2,486,,
,RT1,34,2,467,,
,RT4,34,2,83,,
,RT5,34,2,701,,
,S,103,2,184,,
,S,16,2,433,,
,S,29,2,873,,
,S,31,2,538,,
,S,62,2,257,,
,S1,10,2,474,,
,S1,117,2,222,,
,S1,47,2,720,,
,S1,52,2,238,,
,S1,58,2,675,,
,S1,59,2,418,,
,S1,61,2,765,,
,S1,65,2,751,,
,S1,66,2,886,,
,S1,73,2,876,,
,S1,78,2,93,,
,S10,58,2,626,,
,S10,66,2,419,,
,S11,52,2,658,,
,S11,58,2,109,,
,S11,59,2,609,,
,S11,61,2,328,,
,S12,59,2,830,,
,S12,61,2,308,,
,S12,66,2,558,,
,S14,103,2,665,,
,S19,59,2,867,,
,S2,10,2,683,,
,S2,11,2,165,,
,S2,117,2,709,,
,S2,47,2,1,,
,S2,52,2,522,,
,S2,58,2,546,,
,S2,59,2,66,,
,S2,6,2,220,,
,S2,65,2,889,,
,S2,66,2,334,,
,S2,73,2,868,,
,S2,78,2,396,,
,S20,73,2,529,,
,S21,65,2,621,,
,S23,59,2,34,,
,S24,58,2,279,,
,S25,117,2,276,,
,S26,117,2,721,,
,S28,40,2,287,,
,S3,10,2,881,,
,S3,11,2,913,,
,S3,117,2,715,,
,S3,47,2,768,,
,S3,52,2,76,,
,S3,58,2,117,,
,S3,59,2,173,,
,S3,65,2,229,,
,S3,66,2,831,,
,S3,73,2,815,,
,S3,78,2,773,,
,S30,52,2,136,,
,S31,61,2,688,,
,S32,61,2,310,,
,S33,66,2,455,,
,S4,10,2,249,,
,S4,52,2,789,,
,S4,58,2,255,,
,S4,59,2,215,,
,S4,61,2,633,,
,S4,65,2,438,,
,S4,66,2,586,,
,S4,72,2,627,,
,S4,73,2,16,,
,S41,117,2,574,,
,S41,61,2,445,,
,S41,64,2,509,,
,S42,117,2,710,,
,S42,61,2,174,,
,S44,103,2,346,,
,S44,66,2,52,,
,S46,117,2,653,,
,S47,117,2,693,,
,S5,10,2,903,,
,S5,11,2,837,,
,S5,117,2,610,EB7405,FFFFFF
,S5,117,2,910,,
,S5,29,2,258,,
,S5,47,2,221,,
,S5,52,2,733,,
,S5,58,2,504,,
,S5,59,2,622,,
,S5,61,2,251,,
,S5,65,2,823,,
,S5,66,2,113,,
,S5,73,2,774,,
,S51,61,2,739,,
,S51,65,2,429,,
,S52,61,2,727,,
,S5X,52,2,430,,
,S6,10,2,758,,
,S6,29,2,216,,
,S6,31,2,381,,
,S6,52,2,659,,
,S6,58,2,264,,
,S6,59,2,614,,
,S6,61,2,331,,
,S6,65,2,17,,
,S6,66,2,175,,
,S6,73,2,223,,
,S60,58,2,414,,
,S61,58,2,254,,
,S62,58,2,191,,
,S62,97,2,129,,
,S64,97,2,18,,
,S7,10,2,159,,
,S7,103,2,606,,
,S7,117,2,722,,
,S7,31,2,198,,
,S7,47,2,404,,
,S7,57,2,192,,
,S7,61,2,676,,
,S7,62,2,567,,
,S7,65,2,144,,
,S7,66,2,456,,
,S7,73,2,816,,
,S71,61,2,780,,
,S75,117,2,684,,
,S8,10,2,239,,
,S8,117,2,181,,
,S8,52,2,579,,
,S8,59,2,742,,
,S8,61,2,20,,
,S8,66,2,877,,
,S8,73,2,743,,
,S81,61,2,299,,
,S85,117,2,280,66AA22,FFFFFF
,S9,10,2,490,,
,S9,117,2,70,,
,S9,52,2,801,,
,S9,59,2,267,,
,S9,66,2,899,,
,SAB,89,2,155,,
,TER,116,2,904,,
,TES,106,2,754,,
,TGD,116,2,37,,
,THA,105,2,139,,
,U28,52,2,206,,
,U28,70,2,598,,
,Weißeritztalbahn,38,2,295,,
