route_id,service_id,trip_id
1,1030,1435989
1,208,1222557
1,284,421612
1,313,310714
1,315,1378786
1,525,1582644
1,73,359689
1,817,1178614
10,150,1544095
10,226,68461
10,235,958399
10,245,1345861
10,245,335783
11,101,1232305
11,113,78667
11,226,1131626
11,226,1189308
11,258,464049
11,350,675239
11,412,775362
11,414,234874
11,430,1065311
11,437,1507613
11,437,525833
11,519,535916
11,641,1475621
11,641,390308
11,757,1419440
11,757,157761
11,757,644873
11,77,58623
11,824,271505
11,89,121212
11,89,1549323
11,89,171806
11,955,1480794
11,955,1580864
12,1014,729641
12,1014,927173
12,1037,503317
12,144,1569585
12,158,1237474
12,166,1390445
12,231,115597
12,231,1319528
12,231,662807
12,263,257281
12,300,519915
12,37,1453713
12,431,888900
12,439,175670
12,441,1349251
12,455,590874
12,510,1281756
12,510,1439417
12,510,854447
12,521,1226047
12,538,1275525
12,628,167411
12,641,277300
12,641,905678
12,667,1524639
12,73,391066
12,827,156125
12,85,498059
12,879,540916
12,879,776864
12,884,1326920
12,884,1329572
12,884,1387496
12,884,513310
12,884,629335
12,884,647428
12,884,763813
12,891,709977
12,948,1138684
12,953,1004538
12,953,1045623
12,953,1276160
12,953,1354781
12,953,1554423
12,953,26601
12,953,289223
12,953,501376
12,953,581848
12,953,702643
12,953,727113
12,953,926575
12,953,938628
12,991,1152482
12,999,680001
13,1024,1095667
13,1032,528314
13,1047,1119702
13,1047,1262463
13,1047,588849
13,1047,593021
13,106,1579252
13,106,345078
13,106,705193
13,17,1341650
13,17,1445662
13,17,526309
13,17,684362
13,186,373736
13,186,837211
13,192,58408
13,197,1565992
13,245,1053781
13,258,436178
13,272,1135343
13,272,1336735
13,272,444503
13,272,455267
13,272,949104
13,272,985612
13,315,1326026
13,317,664228
13,331,187098
13,375,42023
13,375,445025
13,380,271932
13,407,667740
13,408,1181670
13,408,761407
13,423,784775
13,436,1276785
13,436,1296840
13,436,1332214
13,436,339022
13,436,480346
13,436,489739
13,436,51846
13,436,623723
13,436,686359
13,436,883768
13,439,198259
13,439,465229
13,442,1114492
13,442,139906
13,442,1500977
13,442,1591141
13,442,1593226
13,442,179607
13,442,19517
13,442,244498
13,442,406656
13,45,1000351
13,45,1073930
13,45,1178089
13,45,1255130
13,45,1470342
13,45,1565076
13,45,1578708
13,45,197851
13,45,229203
13,45,406191
13,45,539143
13,45,673023
13,45,724045
13,45,918853
13,45,971771
13,463,1342561
13,472,690991
13,517,45975
13,529,827303
13,589,1547121
13,614,734774
13,622,207489
13,626,1052022
13,627,493900
13,641,552125
13,665,549657
13,675,1184972
13,689,111371
13,73,1008523
13,73,1052017
13,73,1091924
13,73,1155652
13,73,1351562
13,73,1395506
13,73,1446976
13,73,522461
13,73,653901
13,73,67576
13,73,83573
13,73,845640
13,73,868049
13,73,899665
13,745,1273572
13,745,1487562
13,745,361440
13,745,759143
13,745,795178
13,808,1175556
13,808,210661
13,808,500229
13,808,565082
13,840,105624
13,855,880897
13,868,1328653
13,885,166559
13,916,1578610
13,927,1041124
13,927,204731
13,927,374224
13,927,465237
13,927,619653
13,936,1167428
13,945,14214
13,945,657733
13,953,678337
13,958,176004
13,960,859646
13,990,59395
13,998,129716
13,998,175709
13,998,205860
13,998,251995
13,998,311494
13,998,323588
13,998,482240
13,998,53672
13,998,611064
13,998,653615
13,998,706221
13,998,874089
13,998,893775
13,998,957179
13,998,990275
14,1009,819110
14,1049,1297901
14,106,1482973
14,12,1296158
14,134,1205457
14,14,1502439
14,177,98683
14,186,142712
14,186,148011
14,186,208551
14,186,512285
14,186,969802
14,197,1264474
14,197,1385745
14,197,77058
14,197,838283
14,197,987711
14,225,1096152
14,225,1335660
14,225,1398034
14,225,1410166
14,225,1467371
14,225,149736
14,225,1534167
14,225,186029
14,225,55752
14,225,585654
14,226,522548
14,234,281223
14,259,538565
14,278,135542
14,308,78551
14,331,930628
14,336,1067268
14,336,1588079
14,336,454515
14,342,1047376
14,36,1193291
14,369,146749
14,369,491154
14,408,1266100
14,408,1349401
14,408,1358106
14,408,180218
14,408,229627
14,408,25879
14,408,427435
14,408,453568
14,408,577709
14,408,664410
14,408,697178
14,408,74840
14,408,97237
14,433,366914
14,436,1004474
14,442,88564
14,446,299481
14,463,186895
14,480,1163953
14,480,687401
14,480,864051
14,495,1388837
14,53,1160594
14,540,341865
14,542,428011
14,546,540567
14,553,1121187
14,557,1145088
14,596,1013217
14,596,177077
14,596,233593
14,596,242337
14,599,871794
14,605,566692
14,611,909928
14,626,800648
14,637,476805
14,650,1278875
14,66,563479
14,66,954028
14,675,402771
14,728,1369454
14,728,318238
14,73,1254066
14,73,733330
14,73,780941
14,73,825692
14,750,1162509
14,781,401837
14,791,1426913
14,802,713253
14,809,497815
14,812,1154720
14,812,1334900
14,845,819211
14,882,1525069
14,882,855132
14,904,1228235
14,918,390881
14,926,1155196
14,932,1523520
14,932,936190
14,939,1529973
14,945,566513
14,953,961168
14,970,148968
14,970,345244
14,989,341963
14,998,564923
15,1010,31100
15,1040,680906
15,116,1531925
15,117,1438863
15,129,1348023
15,149,1057694
15,149,113918
15,149,1187280
15,149,1193389
15,149,1200556
15,149,1238767
15,149,1242268
15,149,1247883
15,149,129128
15,149,131726
15,149,135862
15,149,136153
15,149,1531303
15,149,157018
15,149,224364
15,149,23121
15,149,282809
15,149,318854
15,149,358421
15,149,484909
15,149,635879
15,149,650662
15,149,677016
15,149,68048
15,149,835111
15,149,860065
15,186,1235305
15,186,1245561
15,186,1358983
15,186,1418482
15,186,1563538
15,186,171972
15,186,350433
15,186,641645
15,186,897853
15,195,222137
15,197,264787
15,209,207029
15,226,1081484
15,234,161092
15,234,622643
15,245,1350687
15,258,541672
15,275,736998
15,354,709444
15,36,1061288
15,36,380037
15,36,415387
15,36,911694
15,36,973762
15,375,1128756
15,375,160978
15,375,591014
15,375,831852
15,375,908604
15,375,995226
15,405,481253
15,416,1264614
15,416,1279418
15,416,1481561
15,416,462615
15,416,985422
15,425,1281275
15,425,1482065
15,425,632247
15,439,247417
15,439,468388
15,439,519185
15,439,775411
15,440,606939
15,440,866506
15,442,1157277
15,442,1369509
15,442,338286
15,442,414979
15,442,449125
15,442,582000
15,442,826072
15,442,898158
15,442,937114
15,442,95513
15,463,1141191
15,463,1391056
15,475,411654
15,475,419618
15,475,655242
15,475,763208
15,477,794004
15,529,661042
15,53,1003177
15,53,1539401
15,53,156645
15,566,1571607
15,59,488063
15,592,194537
15,602,23323
15,612,1145946
15,624,1282343
15,624,853057
15,624,908840
15,650,1033175
15,650,108197
15,657,119396
15,657,126798
15,657,1355474
15,657,1507834
15,657,1565519
15,657,1571292
15,657,227869
15,657,291606
15,657,402599
15,657,412016
15,657,470396
15,657,533348
15,657,608536
15,657,669005
15,657,692768
15,657,78028
15,657,98600
15,675,1524913
15,675,2814
15,675,487886
15,675,721956
15,686,1026984
15,70,985514
15,709,1374665
15,709,691097
15,728,1371225
15,728,52523
15,73,1143555
15,73,253497
15,73,270167
15,73,860859
15,73,891260
15,781,1005585
15,781,300466
15,790,415404
15,791,1409414
15,791,98785
15,798,331621
15,845,578048
15,846,1301351
15,855,445550
15,859,1177130
15,863,1018994
15,882,582041
15,884,1105567
15,894,135170
15,916,1237728
15,920,192672
15,932,45000
15,945,1138781
15,945,724952
15,945,910857
15,953,1303603
15,953,1384869
15,953,1460027
15,953,1530053
15,953,918219
15,998,280184
15,998,658955
15,998,887871
16,223,170172
16,256,29818
16,318,413765
16,331,1126639
16,387,1076348
16,387,1556798
16,387,622634
16,465,196095
16,472,615597
16,548,299221
16,936,1428609
16,95,125042
16,95,625093
17,177,110599
17,177,1166551
17,177,1297594
17,177,1537286
17,177,543473
17,177,826984
17,186,1008410
17,186,413272
17,200,1257168
17,203,84453
17,255,248603
17,256,529160
17,279,1533383
17,316,1028094
17,316,1566780
17,318,953779
17,328,147137
17,328,595544
17,332,167634
17,36,1014014
17,36,170511
17,36,217095
17,36,292801
17,36,37329
17,36,399881
17,36,493855
17,36,641981
17,36,931645
17,366,702349
17,392,288101
17,425,1058854
17,425,300078
17,425,668631
17,433,407513
17,442,1118402
17,442,230180
17,453,252848
17,476,136062
17,485,913562
17,531,43000
17,542,1078456
17,542,1092452
17,542,1434827
17,542,194207
17,542,213584
17,542,356987
17,542,770302
17,572,626205
17,604,1181026
17,604,462786
17,604,800634
17,624,1206859
17,626,223446
17,632,672330
17,633,385207
17,75,621972
17,782,304330
17,782,316816
17,782,903634
17,782,982613
17,787,781554
17,835,241819
17,835,302346
17,835,616339
17,869,1000096
17,881,458060
17,882,1199471
17,882,1287528
17,882,1408675
17,882,1457178
17,882,502332
17,882,823095
17,884,1254270
17,884,894606
17,884,999179
17,920,872630
17,922,1184136
17,953,258601
17,953,801043
17,958,1072983
17,96,1271185
17,970,1081006
17,970,1249834
17,970,840190
17,970,898417
17,976,955143
17,992,47348
18,1005,1145833
18,1038,535861
18,128,1299501
18,268,742588
18,375,173954
18,433,44637
18,442,308322
18,472,1415957
18,732,1426370
18,732,162353
18,792,507818
18,818,1397947
19,1009,1154164
19,1009,424486
19,1036,139886
19,1049,1089944
19,1049,398094
19,1051,266125
19,1051,961079
19,1054,1250455
19,117,1308231
19,117,1583870
19,119,949609
19,120,358785
19,167,729423
19,186,1007186
19,186,1053504
19,186,1069654
19,186,1162559
19,186,1258208
19,186,1264921
19,186,1487767
19,186,1494310
19,186,183496
19,186,253251
19,186,269596
19,186,269872
19,186,523247
19,186,708519
19,186,724267
19,186,795625
19,186,798021
19,186,816894
19,186,875058
19,197,1170563
19,197,1185042
19,197,1454839
19,197,465339
19,197,675152
19,197,850230
19,208,1507256
19,208,622829
19,234,1359852
19,234,773140
19,240,1339443
19,243,383633
19,258,281378
19,26,815337
19,26,838885
19,262,1072232
19,274,306937
19,314,1254655
19,314,443805
19,318,809575
19,337,1064295
19,337,1219757
19,337,761249
19,375,715731
19,389,408052
19,392,1089826
19,396,1536978
19,4,1370509
19,40,938630
19,425,1169939
19,425,1359427
19,425,1439502
19,425,82920
19,425,862165
19,433,1363171
19,433,1573042
19,439,399629
19,439,598751
19,439,726145
19,439,836892
19,442,1043488
19,442,1134127
19,442,1139098
19,442,1229852
19,442,1300435
19,442,1348065
19,442,1531003
19,442,329841
19,442,364388
19,442,45167
19,442,526355
19,442,532067
19,442,533807
19,442,623640
19,442,771177
19,442,779644
19,442,897233
19,442,915595
19,442,917085
19,443,1094491
19,443,1407304
19,443,975677
19,463,77869
19,475,1363505
19,480,1123909
19,482,645703
19,518,1238017
19,522,1014328
19,522,1148301
19,522,1152134
19,522,1341565
19,522,1377475
19,522,1418932
19,522,1452214
19,522,296331
19,522,94782
19,522,95283
19,522,985934
19,526,1159838
19,529,160205
19,529,379318
19,533,1033048
19,533,739279
19,534,1304672
19,537,1262706
19,60,897175
19,608,780065
19,624,1298412
19,624,1592653
19,624,621410
19,626,11587
19,626,1345404
19,654,83552
19,675,1092378
19,675,197917
19,675,335282
19,675,630478
19,675,675037
19,675,778871
19,676,904003
19,689,1058902
19,689,1165987
19,689,474192
19,696,1254238
19,696,277700
19,705,1256254
19,728,1437559
19,728,1483219
19,728,1546723
19,728,1593287
19,728,735732
19,73,1453079
19,781,1576266
19,781,481705
19,791,1095281
19,791,1251676
19,791,201274
19,791,750231
19,802,1142606
19,802,28730
19,802,445281
19,809,194319
19,809,632613
19,809,739640
19,809,907587
19,845,1202309
19,845,1311452
19,845,735684
19,855,1090915
19,855,423009
19,855,472629
19,855,665555
19,855,970400
19,864,1185552
19,882,1484524
19,882,1492360
19,882,1495992
19,882,1577291
19,882,650932
19,882,835511
19,882,962328
19,882,994564
19,884,1056224
19,884,365111
19,884,665490
19,885,448212
19,916,1448695
19,916,263847
19,916,299220
19,920,803914
19,932,1221148
19,932,1423137
19,932,476414
19,932,583678
19,937,1158216
19,945,1241103
19,945,1492025
19,945,386312
19,945,44242
19,949,1103172
19,953,1096256
19,953,1377722
19,953,1493625
19,953,189743
19,953,393926
19,953,654716
19,953,702219
19,958,54308
19,963,1110832
19,963,1386554
19,963,232501
19,964,27257
19,97,1100278
19,97,1174784
19,97,1188618
19,97,130774
19,97,1324572
19,97,1466367
19,97,1550523
19,97,194286
19,97,215823
19,97,851956
19,977,1335685
19,977,145711
19,977,598380
19,977,699106
19,977,742472
19,998,1218816
19,998,1509715
19,998,735876
2,186,147554
2,225,1058394
2,225,129826
2,225,436650
2,236,625038
2,245,879691
2,274,1477220
2,408,127808
2,408,290429
2,408,821851
2,439,66524
2,443,1147463
2,53,102734
2,53,173834
2,53,495948
2,563,965756
2,626,897750
2,781,1010311
2,788,1092618
2,788,288236
2,788,857525
2,791,795114
2,882,1326529
2,943,972748
2,958,459800
20,369,120136
20,480,887999
20,53,116340
20,641,1376007
20,655,1296790
21,1007,1044694
21,1015,1430025
21,1016,1428409
21,112,1094439
21,112,656180
21,112,873688
21,13,401542
21,172,28167
21,210,588968
21,226,829018
21,24,1498165
21,269,466037
21,273,728091
21,276,1196396
21,338,1396217
21,389,157765
21,430,1433137
21,442,594747
21,464,886007
21,467,1524531
21,481,1448234
21,493,272200
21,557,1413962
21,587,118059
21,587,83974
21,587,965320
21,601,1481927
21,616,1383247
21,682,630042
21,757,906548
21,851,1266244
21,856,1445799
21,871,637825
21,89,1197978
21,89,1342525
21,89,702672
21,89,791155
21,898,865870
21,919,861539
22,177,1449756
22,408,1000938
22,408,1175793
22,408,1179062
22,408,1584193
22,446,494540
22,52,533810
22,590,1025501
22,590,1487069
22,590,1580711
22,688,535132
22,688,821517
22,688,903592
22,792,386098
23,104,1502429
23,104,254573
23,104,78584
23,104,923238
23,1048,1108395
23,117,582603
23,117,720730
23,117,776276
23,160,965710
23,177,194818
23,177,409315
23,186,1270118
23,193,256732
23,197,137725
23,226,1339734
23,226,380001
23,226,446782
23,226,92325
23,226,944792
23,226,952987
23,234,786795
23,261,641425
23,301,1128827
23,301,673302
23,336,1044800
23,336,123658
23,336,165998
23,336,530118
23,336,627614
23,341,685829
23,38,560144
23,38,581093
23,409,409966
23,425,602312
23,434,1504324
23,436,430876
23,442,1365755
23,442,1419369
23,442,553817
23,442,706137
23,45,120076
23,45,1288810
23,45,1485097
23,45,1528798
23,45,193994
23,45,328639
23,45,905394
23,463,1063425
23,463,1097273
23,480,336158
23,532,1523408
23,542,128069
23,542,1360589
23,542,150699
23,542,931783
23,544,461874
23,544,759252
23,557,1192483
23,557,1540779
23,557,728189
23,571,928684
23,675,1202053
23,715,664982
23,73,579444
23,758,786086
23,791,331600
23,815,1193540
23,82,675645
23,829,142889
23,854,1408728
23,89,1122083
23,89,412246
23,89,57155
23,89,717370
23,916,592392
23,934,1492535
23,934,282828
23,939,953362
23,945,73945
23,97,1401595
23,97,782642
23,97,991731
23,970,775589
23,970,904356
23,998,1425409
24,1049,798883
24,137,779398
24,186,1214462
24,186,908820
24,234,1171291
24,234,341835
24,245,1080178
24,245,1116595
24,245,1124486
24,245,1440042
24,245,1456849
24,245,1460333
24,245,1481795
24,245,33168
24,245,444362
24,245,450039
24,245,48911
24,245,809479
24,245,961033
24,245,982236
24,322,791683
24,375,268394
24,375,805809
24,389,249801
24,39,794061
24,408,1100002
24,408,1130568
24,408,1255918
24,408,1326265
24,408,1356635
24,408,1392469
24,408,305541
24,408,358200
24,408,358408
24,408,420843
24,408,531821
24,408,693668
24,408,767868
24,408,882548
24,408,882825
24,477,1310717
24,503,1401423
24,503,1529756
24,503,179097
24,503,931329
24,523,1503253
24,529,1448645
24,529,4282
24,529,849011
24,590,1005983
24,590,1487570
24,590,504181
24,590,764465
24,606,760828
24,674,1297898
24,689,1565882
24,696,261906
24,702,104036
24,737,477943
24,809,246058
24,809,267786
24,823,534977
24,855,148344
24,857,1383048
24,858,106464
24,858,1099881
24,858,118319
24,858,1264769
24,858,13748
24,858,144741
24,858,67156
24,858,939039
24,895,33878
24,97,103032
25,186,1239383
25,186,1276342
25,186,796716
25,197,564797
25,237,971290
25,286,1169227
25,291,602368
25,442,1050651
25,442,1396710
25,442,888827
25,480,153643
25,494,1447115
25,73,1269481
25,73,409274
25,886,803080
25,932,25517
25,97,1147123
25,97,156145
25,97,189802
26,1009,127872
26,226,1487349
26,226,589455
26,226,784595
26,319,1452292
26,319,1574233
26,319,893664
26,433,892136
26,442,820527
26,563,13248
26,650,1155359
26,650,1342313
26,650,1407205
26,650,225706
26,650,576419
26,650,644008
26,726,52299
26,791,657282
26,89,1102354
26,89,157354
26,89,188625
26,97,465168
26,998,1508655
27,149,1236680
27,149,1293486
27,149,1311988
27,149,1398565
27,149,268405
27,149,318329
27,149,761940
27,149,763533
27,149,776798
27,149,873041
27,149,996065
27,36,469507
27,424,1475615
27,440,159473
27,440,898298
27,442,1201860
27,442,1408060
27,442,195804
27,442,199389
27,442,763013
27,504,1578452
27,564,983194
27,657,1364705
27,657,1409619
27,657,1460386
27,657,1531952
27,657,157226
27,657,157584
27,657,236121
27,657,390462
27,657,562972
27,657,737818
27,832,302484
27,839,427281
28,100,1245827
28,1035,65568
28,1039,381760
28,1042,305276
28,1042,714975
28,1045,1462923
28,1049,401493
28,1054,497529
28,109,200555
28,155,509505
28,162,457615
28,177,1385358
28,177,404304
28,183,800372
28,196,248301
28,197,1458834
28,197,281332
28,197,687111
28,197,835964
28,199,329743
28,207,1249457
28,211,1108496
28,211,926740
28,224,1081502
28,225,1106232
28,226,212782
28,226,307813
28,226,329918
28,226,361869
28,226,443886
28,226,51459
28,226,929551
28,226,992997
28,234,712176
28,245,1082812
28,245,1276376
28,245,1295598
28,245,1388382
28,245,196287
28,245,211258
28,245,309065
28,245,376871
28,245,538023
28,245,643202
28,245,650490
28,245,681349
28,245,895112
28,245,907356
28,248,395202
28,262,1291855
28,267,508027
28,270,324893
28,289,1538735
28,314,1434743
28,331,779021
28,34,737130
28,340,1315202
28,355,664309
28,369,1161374
28,369,1166264
28,369,1194503
28,369,1529009
28,369,216933
28,369,319965
28,369,355701
28,369,389066
28,369,48722
28,369,500154
28,369,583261
28,369,612214
28,369,732767
28,375,1517722
28,375,1591517
28,375,279403
28,375,449999
28,375,802479
28,375,836791
28,375,91539
28,385,1539603
28,385,474142
28,408,873017
28,425,147455
28,432,979107
28,442,1090793
28,443,1108557
28,46,136678
28,463,714825
28,472,22874
28,48,200223
28,480,752231
28,524,134415
28,53,200110
28,542,1072197
28,542,302219
28,542,837942
28,557,258560
28,575,1255643
28,578,299159
28,578,370199
28,58,865954
28,580,1433002
28,600,987939
28,641,1020629
28,641,175531
28,641,351236
28,641,406319
28,641,459573
28,641,642133
28,641,644201
28,641,675874
28,641,695171
28,644,813077
28,677,568827
28,683,1012341
28,691,315022
28,704,1526492
28,707,1125387
28,720,1243068
28,73,1028723
28,73,543879
28,73,553635
28,734,1017921
28,74,1242782
28,757,64558
28,761,465187
28,764,1109814
28,802,176344
28,810,856887
28,828,850479
28,832,188095
28,838,387449
28,84,1308676
28,84,1488685
28,882,1071170
28,882,1279512
28,89,1350410
28,89,716493
28,89,818914
28,89,894526
28,920,636205
28,921,336950
28,930,1409690
28,937,1186644
28,937,1559100
28,945,143351
28,963,685376
28,993,1200234
28,995,545357
29,1012,1154355
29,1039,362602
29,1042,1079911
29,1042,1139513
29,1042,1340499
29,1042,1354321
29,1042,1442396
29,1042,191245
29,1042,193210
29,1042,220709
29,1042,269964
29,1042,275466
29,1042,306729
29,1042,314721
29,1042,472714
29,1042,567815
29,1042,583743
29,1042,622450
29,1042,62895
29,1042,635286
29,1042,679776
29,1042,741614
29,1042,770902
29,1042,859112
29,1042,923303
29,1046,1453850
29,1047,1319548
29,1048,709585
29,1049,1518750
29,1049,1573859
29,1049,914718
29,143,1131749
29,177,142069
29,186,1049427
29,186,1170655
29,186,1245234
29,186,221391
29,186,457790
29,186,85194
29,186,901823
29,186,910057
29,197,1211338
29,197,1531989
29,197,213436
29,197,273112
29,197,979582
29,20,214504
29,21,1319711
29,223,732929
29,225,1078034
29,225,1346220
29,225,1381656
29,225,20428
29,226,217852
29,226,390591
29,226,445181
29,226,771027
29,234,437553
29,234,510784
29,234,814592
29,26,1045280
29,26,1279197
29,299,23205
29,3,977064
29,32,911696
29,355,1535353
29,358,1499337
29,366,763447
29,369,1034036
29,369,1056144
29,369,1308669
29,369,1396092
29,369,180872
29,369,257669
29,369,53568
29,369,919994
29,375,1333336
29,375,1346677
29,375,20149
29,375,718759
29,408,1224042
29,408,124134
29,408,1492863
29,408,15928
29,409,185112
29,425,160468
29,425,735865
29,426,1097025
29,426,204409
29,439,1125666
29,439,1172843
29,439,1181607
29,439,1325834
29,439,144389
29,439,196601
29,439,283866
29,439,28606
29,439,292674
29,439,349927
29,439,365662
29,439,392524
29,439,422938
29,439,43573
29,439,456335
29,439,571117
29,439,61752
29,439,66140
29,439,804233
29,442,1021705
29,442,1024193
29,442,689351
29,46,500518
29,463,1005259
29,513,16580
29,529,1281296
29,529,285699
29,53,1265423
29,53,210834
29,53,78323
29,53,898839
29,545,1015082
29,56,755269
29,56,992455
29,562,1135050
29,563,142897
29,577,873060
29,578,1105922
29,578,1397006
29,578,1420860
29,578,1567645
29,578,573722
29,578,576417
29,578,641654
29,578,731468
29,578,897140
29,596,901915
29,626,1042736
29,626,194671
29,626,248746
29,626,444859
29,626,523415
29,626,621624
29,626,917024
29,675,363518
29,675,372979
29,675,730856
29,675,760721
29,689,1011525
29,689,735905
29,689,8468
29,696,1212244
29,696,409349
29,728,595389
29,73,1156723
29,73,1183332
29,73,1213027
29,73,1275640
29,73,1356597
29,73,1387330
29,73,1406941
29,73,1414563
29,73,147769
29,73,547393
29,73,699765
29,73,836992
29,73,91400
29,73,980617
29,734,1361474
29,757,215169
29,760,278435
29,781,981444
29,791,1417367
29,791,1532043
29,791,286278
29,802,7391
29,809,6704
29,809,719205
29,809,843652
29,810,852566
29,832,396773
29,84,619238
29,855,1388308
29,855,319016
29,855,759335
29,855,880455
29,862,108178
29,882,1130420
29,882,1151823
29,882,1332704
29,882,1344739
29,882,1391462
29,882,1492182
29,882,1533873
29,882,1591139
29,882,194724
29,882,305112
29,882,476884
29,882,549330
29,882,660638
29,882,721541
29,882,871251
29,882,971113
29,884,324092
29,885,907530
29,89,1087256
29,89,388597
29,916,1442030
29,916,492080
29,926,262157
29,926,298199
29,932,1522545
29,932,17426
29,937,1101638
29,937,884437
29,945,1194493
29,945,1487051
29,945,657767
29,945,698078
29,951,2298
29,953,1007210
29,953,1157583
29,953,1313977
29,953,1497158
29,953,1585275
29,953,230859
29,953,331462
29,953,348180
29,953,450231
29,953,585554
29,953,63465
29,953,679962
29,953,865683
29,953,893130
29,953,925223
29,953,926835
29,953,968965
29,953,990920
29,958,1030512
29,958,460613
29,961,1278403
29,995,210289
3,408,674420
3,97,538729
30,1044,1161796
30,117,1198873
30,186,1193058
30,186,1539122
30,186,343272
30,186,368104
30,186,378884
30,186,496681
30,186,518605
30,186,59973
30,186,623172
30,186,789806
30,186,96134
30,218,919077
30,254,243292
30,266,119339
30,332,628009
30,368,1581262
30,375,1076998
30,408,1030433
30,408,126457
30,408,691408
30,438,364787
30,442,1006567
30,442,1132231
30,442,1278565
30,442,368891
30,442,377257
30,442,547131
30,442,548573
30,442,554477
30,475,1266004
30,481,1178738
30,481,1316953
30,481,1399564
30,481,144009
30,557,936507
30,559,809508
30,603,1010030
30,603,1369005
30,603,398258
30,603,429972
30,624,574072
30,65,311778
30,650,1046633
30,650,119462
30,650,1233168
30,650,1430135
30,650,658602
30,650,736803
30,650,81410
30,728,10049
30,822,245118
30,831,1244271
30,860,1376996
30,877,1106799
30,882,325524
30,893,983636
30,914,686453
30,916,1167979
30,932,296186
30,953,1458190
30,97,1095791
30,97,1249010
30,97,191912
30,97,872455
30,981,452957
31,112,1070956
31,112,1184621
31,112,1363382
31,112,1395369
31,112,1458842
31,112,1588567
31,112,168110
31,112,558247
31,186,1086675
31,186,551955
31,304,1147592
31,304,1195842
31,304,1274808
31,334,1065382
31,334,358125
31,36,286673
31,36,374348
31,36,652605
31,36,870396
31,36,89726
31,36,992793
32,186,293874
32,186,946453
32,347,101342
32,347,214923
32,442,1588642
32,442,472715
32,590,292336
32,805,75375
32,97,402087
33,104,980596
33,112,1357817
33,186,123941
33,186,1441769
33,186,146058
33,186,741792
33,217,1550754
33,226,337171
33,229,1458000
33,265,194264
33,36,1153094
33,371,97538
33,442,16795
33,442,724276
33,442,837549
33,467,1156100
33,494,765320
33,581,441403
33,629,694352
33,629,872290
33,641,630350
33,646,1092510
33,662,1084367
33,688,845452
33,689,902442
33,73,1264775
33,73,157726
33,781,1090202
33,791,737137
33,845,596654
33,845,717182
33,845,99581
33,87,436315
33,88,319851
33,882,1547858
33,884,212051
33,885,129799
33,89,355160
33,926,738146
33,926,745280
33,945,92476
33,953,1471578
33,97,1125320
33,970,1280294
33,975,408675
33,998,1543289
34,722,892975
35,100,1157042
35,1009,427112
35,1014,728781
35,1014,899679
35,306,1266813
35,342,779554
35,408,1501338
35,408,253828
35,408,817093
35,408,883537
35,408,901265
35,425,1460938
35,442,1083917
35,442,349121
35,458,1268902
35,502,1012686
35,502,285612
35,502,616559
35,502,955294
35,502,97302
35,506,1051911
35,53,871963
35,604,797409
35,650,1426755
35,650,1465550
35,650,189280
35,650,193059
35,650,405899
35,650,48253
35,650,864339
35,677,1392311
35,711,47801
35,791,1083919
35,845,244527
35,928,1025554
35,97,1261180
36,450,1373062
36,534,750279
36,885,128565
36,953,435810
37,100,1177001
37,146,1185378
37,155,1534265
37,191,1171681
37,223,1184848
37,234,1396695
37,245,1055566
37,26,272419
37,298,560206
37,310,1546097
37,326,1420558
37,451,1580861
37,487,1279492
37,505,1201146
37,6,496588
37,649,1364510
37,69,1348968
37,802,372672
37,841,820281
37,855,547860
37,882,1507412
37,884,1178445
37,89,334119
37,916,1388413
37,926,161766
37,932,1321119
37,953,1383451
38,132,1045250
38,132,1123324
38,132,1127999
38,132,1187412
38,132,1214793
38,132,1263652
38,132,1332837
38,132,1385210
38,132,1394374
38,132,1476687
38,132,1582434
38,132,210902
38,132,326606
38,132,394622
38,132,415720
38,132,491185
38,132,544574
38,132,563927
38,132,75592
38,132,896509
38,132,912095
38,132,924795
38,132,937363
38,132,947728
38,132,950942
38,18,170184
38,189,1264905
38,189,1509255
38,189,73157
38,197,1206653
38,197,518661
38,197,682700
38,245,1147736
38,245,1215256
38,245,124024
38,245,1274999
38,245,1278547
38,245,1330949
38,245,136544
38,245,136846
38,245,136927
38,245,1508904
38,245,251834
38,245,344070
38,245,411518
38,245,448845
38,245,450301
38,245,474021
38,245,834108
38,245,837475
38,245,944806
38,320,803680
38,36,1094018
38,36,1587835
38,36,464622
38,36,67784
38,387,863098
38,466,158963
38,51,1570123
38,563,1265891
38,563,447764
38,882,432092
38,916,101569
38,916,379874
38,944,304372
38,946,240197
38,946,858524
38,946,879296
38,95,1485669
38,990,1484035
39,100,1294978
39,1009,1189833
39,1009,63336
39,1009,646626
39,1009,952036
39,1039,1092966
39,1049,1028188
39,1049,47283
39,117,1310472
39,170,722709
39,186,1018779
39,186,1034004
39,186,1073071
39,186,1085025
39,186,1118685
39,186,1124219
39,186,1164289
39,186,1220598
39,186,1222652
39,186,1261987
39,186,1390810
39,186,1391332
39,186,143375
39,186,1450814
39,186,1514660
39,186,1519713
39,186,156877
39,186,171531
39,186,376648
39,186,386799
39,186,400542
39,186,458504
39,186,488007
39,186,55531
39,186,804940
39,186,83685
39,186,895191
39,186,90643
39,186,943629
39,186,954603
39,197,1521882
39,197,222265
39,197,610089
39,197,638077
39,197,845038
39,197,931524
39,200,1149177
39,226,1038791
39,226,1356576
39,226,145639
39,226,1544500
39,226,1565132
39,226,242180
39,226,407043
39,226,705526
39,226,996015
39,234,128175
39,234,1327318
39,234,1513656
39,234,231965
39,234,265194
39,244,735152
39,250,1244437
39,250,1586992
39,250,253021
39,250,339398
39,250,510975
39,250,670413
39,250,88067
39,250,952172
39,27,1013490
39,275,714249
39,278,1235001
39,278,1390251
39,278,1538158
39,278,202148
39,278,71512
39,278,751042
39,288,740270
39,318,374834
39,319,1028330
39,319,1152852
39,319,1410025
39,319,15493
39,319,294139
39,319,39577
39,319,432468
39,319,640695
39,319,690105
39,319,694187
39,319,947301
39,36,183559
39,36,620842
39,36,750550
39,375,1011880
39,375,1503313
39,375,557240
39,408,301737
39,408,310321
39,425,381213
39,433,1501646
39,433,606380
39,433,708038
39,433,903437
39,439,1150683
39,439,462542
39,442,1038522
39,442,1046702
39,442,11037
39,442,1255687
39,442,427721
39,442,489373
39,442,599505
39,442,631594
39,442,695439
39,442,754904
39,442,883980
39,442,887006
39,442,901785
39,453,1478934
39,453,255786
39,463,333637
39,463,418097
39,474,665863
39,475,413917
39,475,533147
39,480,1102009
39,480,1177998
39,486,523021
39,529,134786
39,53,223820
39,53,255393
39,53,524171
39,54,884394
39,546,754575
39,550,1586097
39,557,286806
39,557,470179
39,558,1430078
39,595,316626
39,624,1275478
39,624,1497700
39,626,662711
39,640,137504
39,653,1510393
39,670,955070
39,675,207982
39,675,262086
39,675,311731
39,675,901049
39,675,988484
39,68,547897
39,689,721881
39,694,1537508
39,696,1272568
39,696,1277352
39,710,1034376
39,710,1072957
39,710,1266337
39,710,1341057
39,710,471293
39,710,95254
39,728,144660
39,728,162006
39,728,327946
39,728,486254
39,781,1414163
39,781,148574
39,781,748983
39,781,963353
39,791,298006
39,791,392655
39,809,1016919
39,809,1441945
39,844,725782
39,845,1156306
39,845,348307
39,850,1349589
39,850,41470
39,850,549305
39,850,566600
39,850,569212
39,850,78186
39,853,1510270
39,855,1284900
39,855,1582387
39,855,405483
39,86,1423229
39,882,1476961
39,882,374935
39,89,1207013
39,89,1250092
39,89,391423
39,89,482666
39,89,582018
39,89,588174
39,89,773593
39,89,908544
39,890,241192
39,890,427989
39,890,543186
39,892,576771
39,895,1153275
39,895,1508602
39,916,579576
39,916,841678
39,924,1252129
39,924,429319
39,924,55735
39,924,720612
39,924,763730
39,926,1116573
39,932,1100314
39,932,796010
39,937,242706
39,945,1373267
39,953,160969
39,953,613653
39,958,1536874
39,958,579530
39,963,954741
39,97,10185
39,97,1029273
39,97,118542
39,97,1222658
39,97,1365752
39,97,1537527
39,97,1570271
39,97,199718
39,97,420238
39,97,430792
39,97,995598
39,998,436156
4,425,1276222
4,453,1282191
4,480,1344446
4,480,2014
4,634,64029
4,639,1477136
4,767,1218954
4,791,53616
4,86,1490548
40,1038,1308095
40,118,701479
40,375,365767
40,433,377984
40,442,162536
40,706,73708
40,732,1465116
40,732,1528414
40,915,1344072
41,186,468939
41,379,1522666
41,442,1421215
41,442,568690
41,556,72489
41,646,46325
41,672,1305088
41,672,839233
41,73,1547674
41,73,1592364
41,742,1055923
41,791,1500147
41,845,276682
42,1011,1005012
42,1011,1070728
42,1011,134370
42,1011,650680
42,1024,304106
42,1024,552228
42,106,404879
42,152,1411580
42,167,437495
42,197,241242
42,197,319976
42,197,990393
42,204,1547652
42,258,818340
42,258,976006
42,27,316966
42,27,686911
42,27,86188
42,27,997838
42,290,1135552
42,31,48443
42,339,1364702
42,346,428459
42,346,680794
42,346,914355
42,350,1558258
42,350,614625
42,375,1233708
42,389,1585189
42,389,347451
42,39,266034
42,390,670291
42,408,110780
42,408,1190644
42,408,1256093
42,408,940128
42,420,1507991
42,425,302649
42,425,540760
42,480,1375226
42,480,912259
42,529,1166701
42,529,119254
42,529,1256391
42,529,435557
42,539,146977
42,543,254147
42,576,1010147
42,576,868618
42,579,512641
42,641,1034512
42,641,1318264
42,641,1356599
42,641,309567
42,641,477111
42,658,935155
42,660,1077939
42,663,1141028
42,665,145393
42,675,102194
42,675,29154
42,675,974915
42,678,1259150
42,691,1484210
42,73,119808
42,73,1588961
42,73,792619
42,73,98602
42,747,637159
42,747,887011
42,752,344230
42,770,42239
42,809,1023026
42,809,887612
42,821,1095628
42,821,1503315
42,821,501059
42,821,861922
42,863,1319314
42,878,400158
42,878,527594
42,885,395936
42,885,487312
42,885,703302
42,963,1167353
42,963,475070
42,965,1033481
42,98,1460223
43,1013,1404424
43,1036,1195704
43,1036,1353649
43,1039,785986
43,122,1023447
43,149,143533
43,149,458804
43,169,1235600
43,169,575003
43,186,1112862
43,186,1142083
43,186,1335821
43,186,604680
43,186,638361
43,186,662259
43,186,688823
43,186,806164
43,186,972938
43,194,743311
43,197,1230419
43,197,547062
43,197,708505
43,200,1343368
43,200,29921
43,206,234890
43,245,310348
43,245,31256
43,245,895489
43,366,1224226
43,366,1531427
43,366,551763
43,366,665891
43,366,719491
43,375,1441525
43,375,837352
43,378,19760
43,408,534237
43,425,1389132
43,442,1348509
43,442,1515879
43,442,1551661
43,442,1577788
43,442,217786
43,442,778872
43,443,569293
43,454,517127
43,480,473144
43,491,1036263
43,499,1591635
43,557,1552507
43,563,899439
43,590,576561
43,590,965859
43,618,181688
43,618,958986
43,623,709761
43,623,991469
43,657,67225
43,675,1322227
43,68,1079561
43,699,717206
43,699,868812
43,73,1117812
43,73,1140571
43,73,262752
43,73,71795
43,73,799348
43,740,402051
43,761,546977
43,781,346608
43,791,1156079
43,791,1394013
43,791,902226
43,793,1552278
43,793,26163
43,793,665502
43,812,587240
43,812,615128
43,882,558773
43,89,400412
43,897,1177340
43,92,1096033
43,932,1131543
43,940,1507504
43,940,916838
43,958,1364150
43,97,1270852
43,97,127385
43,97,129626
43,97,1412657
43,97,4382
43,97,544659
43,97,628418
43,97,942818
43,970,440983
43,971,782192
43,996,1516049
43,998,241345
43,998,440732
44,112,214845
44,185,1270580
44,186,171207
44,186,343559
44,186,364660
44,186,780232
44,265,139228
44,371,757358
44,442,821968
44,467,338772
44,567,1234265
44,581,105493
44,629,1026435
44,629,485336
44,641,623026
44,662,1007574
44,713,17586
44,73,513197
44,73,795363
44,781,654289
44,791,76491
44,845,1092635
44,845,138624
44,845,583302
44,845,872090
44,87,381012
44,884,789608
44,89,382975
44,906,429214
44,925,102989
44,926,936627
44,945,55447
44,953,978497
44,967,1177779
44,975,124155
45,1019,587564
45,132,1000601
45,132,1459811
45,132,1492890
45,132,17146
45,132,295082
45,132,331973
45,132,433186
45,132,485658
45,132,492003
45,132,794230
45,186,1139436
45,197,1237059
45,197,907882
45,245,1231374
45,245,1254512
45,245,1324147
45,245,1356436
45,245,1377425
45,245,1395038
45,245,1471659
45,245,359578
45,245,416878
45,245,450941
45,245,544561
45,245,553010
45,245,566299
45,245,656694
45,245,893798
45,245,957483
45,264,89409
45,287,448000
45,292,428795
45,325,31381
45,36,1257416
45,36,1348479
45,36,579815
45,367,48098
45,370,254246
45,375,752000
45,449,1500020
45,489,489747
45,50,483148
45,541,1550937
45,541,455173
45,557,999390
45,626,1014523
45,626,1059150
45,626,1225717
45,626,1234024
45,626,1423495
45,626,221825
45,626,364349
45,626,533164
45,626,554945
45,626,582627
45,626,677999
45,626,681193
45,626,749824
45,626,775261
45,626,806695
45,626,879194
45,626,953245
45,724,770626
45,724,845313
45,728,655032
45,728,887883
45,732,1244435
45,732,1252858
45,732,1331881
45,732,1398640
45,732,1407166
45,732,1444717
45,732,155702
45,732,516434
45,743,1491680
45,743,84952
45,748,1098380
45,748,1373280
45,748,1413121
45,748,288172
45,748,330229
45,748,333101
45,748,530220
45,748,666304
45,748,678514
45,748,743366
45,791,369235
45,791,636643
45,80,242448
45,816,198308
45,845,1042410
45,845,1100672
45,845,134494
45,845,1439675
45,867,431817
45,885,1422171
45,885,1450925
45,896,1462291
45,917,711003
45,936,1028282
46,1049,129199
46,1049,856417
46,117,398680
46,138,675378
46,138,741553
46,149,411310
46,149,471499
46,149,568814
46,149,592190
46,154,790427
46,173,1395703
46,186,236894
46,186,610067
46,197,1118608
46,226,1369207
46,226,170805
46,226,854398
46,234,641634
46,271,1579372
46,275,341103
46,283,1347121
46,30,1296699
46,30,652581
46,312,71750
46,375,1155521
46,376,1566033
46,421,1234932
46,442,1058763
46,442,1404321
46,442,1524968
46,442,1568389
46,442,231864
46,442,343959
46,442,413815
46,463,1411605
46,463,1481997
46,463,434065
46,463,781467
46,477,45938
46,477,750501
46,609,1402518
46,609,390576
46,609,987375
46,657,632326
46,66,71137
46,696,451043
46,698,1331219
46,763,518736
46,776,487266
46,776,771173
46,784,180148
46,800,922971
46,806,425312
46,845,409876
46,877,1529187
46,89,734151
46,940,1179091
46,941,1449789
46,958,197874
46,958,259430
46,97,314794
46,97,567187
46,978,1461298
47,1005,1396133
47,1028,83665
47,1039,1039414
47,1039,1114354
47,1039,1121299
47,1039,1230527
47,1039,1456959
47,1039,3221
47,1039,361435
47,1039,504977
47,1049,1088145
47,105,697104
47,1053,909973
47,112,168580
47,117,1080728
47,117,434011
47,15,71410
47,173,477107
47,177,66206
47,179,1224203
47,179,219294
47,179,231455
47,179,26801
47,179,389180
47,186,1318808
47,186,508952
47,197,1108082
47,197,1183235
47,197,667694
47,197,835371
47,201,1238297
47,201,1541772
47,201,186668
47,201,286636
47,201,632257
47,201,735434
47,201,753998
47,202,604025
47,216,144941
47,218,141204
47,218,1572012
47,230,920518
47,234,1077057
47,234,263638
47,238,1474591
47,245,1534878
47,245,505139
47,245,607
47,245,73238
47,245,887878
47,245,896215
47,256,1026771
47,256,1278834
47,256,1360595
47,256,652738
47,256,87165
47,256,893225
47,256,93277
47,304,1101101
47,33,1104925
47,331,67886
47,332,351782
47,369,543038
47,369,603198
47,375,205868
47,408,1061738
47,408,1125933
47,408,1212847
47,408,1271477
47,408,1512339
47,408,1571355
47,408,618878
47,408,642039
47,408,642217
47,408,647421
47,408,896579
47,408,932387
47,409,876210
47,433,1495829
47,442,1155387
47,442,673019
47,447,1250029
47,463,862559
47,480,1173000
47,480,201456
47,520,1125318
47,542,1301950
47,557,270912
47,570,1252459
47,576,1573158
47,576,606644
47,597,859880
47,613,1313243
47,623,1265359
47,626,508016
47,626,770509
47,650,1068742
47,650,1268291
47,650,1350919
47,650,1446710
47,650,1512238
47,650,320023
47,650,401655
47,650,408640
47,650,430045
47,650,431613
47,650,557499
47,650,600821
47,650,634804
47,650,65252
47,650,766949
47,650,852558
47,650,862904
47,650,874319
47,652,689230
47,687,1265000
47,687,1450914
47,688,1178936
47,688,1473971
47,688,346530
47,688,426696
47,688,456251
47,688,575144
47,696,1576963
47,696,245397
47,697,1250170
47,727,329646
47,727,486693
47,727,675500
47,727,676667
47,727,839307
47,727,980217
47,728,828702
47,73,1226546
47,73,908823
47,769,203357
47,801,1283478
47,802,802192
47,803,1554609
47,855,913036
47,872,103241
47,872,1178200
47,872,1589141
47,872,171898
47,872,557855
47,876,925882
47,882,1061731
47,882,1221702
47,882,825301
47,89,999073
47,916,1374819
47,94,1266742
47,94,84356
47,94,871282
47,947,44955
47,958,1203977
47,958,1328374
47,958,942850
47,969,731149
47,97,1137365
47,970,1057572
47,970,1327777
47,970,277593
47,970,402180
47,970,668175
47,980,1139184
47,987,295530
47,99,623879
47,998,289794
48,1005,198334
48,1009,1181518
48,1017,1417309
48,1017,452563
48,1049,634841
48,1053,256221
48,108,830243
48,117,1337432
48,117,598330
48,117,763307
48,177,1270687
48,177,1278051
48,177,48171
48,181,129978
48,197,499554
48,197,548941
48,201,297635
48,201,506248
48,201,54938
48,201,722800
48,226,650527
48,23,1059244
48,230,571730
48,230,625154
48,230,926584
48,238,132816
48,256,1329043
48,258,1582511
48,260,1082129
48,278,615740
48,359,415483
48,366,1350165
48,366,389434
48,375,727595
48,377,353599
48,39,1246519
48,391,1001586
48,408,106209
48,408,1189803
48,408,1414494
48,408,1474618
48,408,1481601
48,408,1525406
48,408,226474
48,408,366247
48,408,399282
48,408,561533
48,408,820050
48,408,999380
48,408,999798
48,409,182650
48,409,705225
48,456,1401114
48,456,504709
48,477,1353522
48,477,1569520
48,514,1196362
48,542,664763
48,557,759533
48,568,6213
48,588,84931
48,620,1001247
48,626,1385900
48,639,713672
48,650,1019602
48,650,1057673
48,650,10625
48,650,1152688
48,650,1203620
48,650,1280798
48,650,152640
48,650,1564497
48,650,1586967
48,650,506931
48,650,669877
48,650,704416
48,650,706893
48,650,923249
48,66,1507330
48,66,1583125
48,675,339093
48,688,305869
48,688,313887
48,688,695674
48,688,851875
48,696,1370288
48,696,247641
48,696,630156
48,73,1490284
48,769,159071
48,776,418561
48,779,1477038
48,791,1062321
48,809,1096118
48,811,515639
48,825,994541
48,830,1020975
48,86,519311
48,870,415255
48,877,409854
48,882,1171347
48,888,1377935
48,89,1208838
48,89,1324474
48,89,678565
48,908,957099
48,932,1420547
48,932,958960
48,937,1102693
48,939,1472488
48,952,483373
48,97,793367
49,1001,66745
49,1024,597045
49,1024,811065
49,1052,422702
49,1054,1299558
49,115,230242
49,16,857415
49,167,98047
49,186,1029397
49,186,1091585
49,186,1147891
49,186,1180413
49,186,1185569
49,186,1297730
49,186,1302202
49,186,1402196
49,186,1410689
49,186,144621
49,186,1493203
49,186,1592329
49,186,161921
49,186,189347
49,186,533396
49,186,690187
49,186,692002
49,186,731120
49,186,752526
49,186,754855
49,197,281164
49,197,469026
49,197,712884
49,197,848687
49,198,735699
49,226,1201945
49,226,510555
49,226,608618
49,227,983011
49,234,533391
49,245,118641
49,245,455282
49,245,64990
49,249,348771
49,27,1153522
49,272,236841
49,28,41081
49,293,469280
49,318,598631
49,353,86145
49,354,55009
49,369,627302
49,369,66633
49,369,67160
49,375,1191506
49,410,4865
49,425,232889
49,425,564597
49,426,1045933
49,426,1110118
49,426,1227747
49,426,1293770
49,426,1328655
49,426,225047
49,426,237780
49,426,272443
49,426,699727
49,426,883122
49,426,942485
49,433,738511
49,439,506343
49,439,732182
49,442,1106219
49,442,1269432
49,442,1313949
49,442,1318087
49,442,1336264
49,442,1359657
49,442,1446683
49,442,18961
49,442,260983
49,442,338685
49,442,404618
49,442,441088
49,442,443434
49,442,447336
49,442,593257
49,442,627862
49,442,962107
49,442,999359
49,45,1108331
49,45,1182034
49,45,1240437
49,45,1580729
49,45,402002
49,45,413024
49,45,745459
49,45,80418
49,45,863963
49,45,879643
49,45,89429
49,45,89870
49,45,916778
49,452,595744
49,472,145939
49,496,1059000
49,496,1311499
49,496,1344947
49,496,1428880
49,496,274156
49,496,284790
49,496,388825
49,511,641521
49,522,1334638
49,522,1337915
49,522,1471516
49,522,550854
49,522,883052
49,522,989817
49,528,1522337
49,529,185466
49,529,289887
49,529,880034
49,53,1212077
49,53,20301
49,53,331281
49,53,353961
49,53,422983
49,53,437728
49,53,644268
49,53,901216
49,543,123213
49,543,1289485
49,557,1160193
49,573,1075114
49,573,505038
49,573,67876
49,573,686267
49,590,1034095
49,590,709431
49,596,387220
49,596,403681
49,598,334426
49,624,769586
49,626,1314700
49,626,44209
49,626,461316
49,626,464071
49,652,84509
49,675,750468
49,689,1500668
49,689,379442
49,689,518646
49,692,1424304
49,696,473626
49,696,681712
49,712,1076295
49,728,260241
49,73,1150627
49,73,1251188
49,73,1546978
49,73,231321
49,73,241829
49,738,1154701
49,738,135157
49,738,1584891
49,738,216065
49,738,22681
49,738,645775
49,738,681806
49,738,901346
49,781,1565326
49,781,313264
49,781,812554
49,781,948811
49,781,963098
49,791,23223
49,796,1073008
49,796,826216
49,809,1014920
49,809,1303339
49,809,1560428
49,809,421910
49,809,665779
49,810,312914
49,810,501030
49,810,708025
49,810,717484
49,810,863445
49,845,1183636
49,845,1316655
49,845,457838
49,855,196668
49,855,506337
49,855,559938
49,855,888441
49,863,1180228
49,863,133254
49,863,380856
49,871,1048682
49,880,469205
49,882,1275008
49,882,459970
49,882,702516
49,882,711457
49,882,912798
49,884,332956
49,885,1060165
49,89,1116104
49,89,340262
49,91,123830
49,916,1084655
49,916,1182771
49,918,1163817
49,932,1519212
49,932,271755
49,932,622305
49,932,784814
49,932,839255
49,932,949356
49,937,1536282
49,937,1572497
49,937,1574679
49,945,694446
49,945,765441
49,945,812807
49,945,99788
49,953,1083051
49,953,1401818
49,953,271788
49,953,767560
49,963,273844
49,963,548144
49,97,1304270
49,97,1316037
49,97,1380984
49,97,22348
49,97,3043
49,97,408622
49,97,424697
49,97,476241
49,97,531296
49,97,667914
49,97,973755
49,998,1071346
49,998,1168882
49,998,1449070
49,998,1531853
49,998,1581680
49,998,1587660
49,998,248414
49,998,359698
49,998,392773
49,998,588379
49,998,60953
49,998,645540
49,998,861760
49,998,908925
49,998,989948
5,1048,1235448
5,186,1038532
5,186,1317482
5,186,1424506
5,186,90499
5,250,131907
5,278,1218309
5,39,1535631
5,39,1588226
5,408,794800
5,442,1192905
5,574,911255
5,591,533693
5,815,1146425
5,895,632091
5,97,1554528
50,186,1217408
50,186,1560500
50,218,1003875
50,218,35528
50,218,441082
50,218,49537
50,39,502579
50,603,1431496
50,650,1157872
50,650,1372391
50,650,1418089
50,650,242742
50,650,497247
50,650,623724
50,73,471632
50,747,547232
50,895,394115
51,112,1382786
51,112,1519361
51,112,175481
51,112,338331
51,112,345245
51,112,368599
51,112,395360
51,112,608803
51,112,800239
51,112,801517
51,118,577307
51,118,606982
51,192,1332834
51,192,1428619
51,419,224278
51,419,923023
51,460,1136443
51,460,1436729
51,497,956845
51,679,879798
51,686,43759
51,71,252166
51,722,1540449
52,226,694908
52,235,1426518
52,245,370631
52,245,615728
52,755,1340851
52,887,1232855
53,1009,1498447
53,121,1311775
53,164,382035
53,186,1132364
53,186,1141785
53,186,1161451
53,186,118527
53,186,123375
53,186,123435
53,186,1260749
53,186,1297784
53,186,1367743
53,186,1388383
53,186,1471862
53,186,1509936
53,186,175367
53,186,213271
53,186,238732
53,186,300722
53,186,352619
53,186,488478
53,186,544888
53,186,59933
53,186,615966
53,186,631560
53,186,63601
53,186,666965
53,186,684995
53,186,72972
53,186,780422
53,186,846058
53,186,889314
53,186,909760
53,186,934900
53,186,961969
53,197,244539
53,197,424096
53,226,1035580
53,226,1128488
53,226,1208385
53,226,1230976
53,226,1272149
53,226,1369307
53,226,1450400
53,226,1522057
53,226,233941
53,226,234016
53,226,257136
53,226,523470
53,226,587605
53,226,619118
53,226,70862
53,226,800987
53,258,686301
53,258,991474
53,278,110175
53,278,13050
53,278,1421280
53,278,607980
53,278,896561
53,361,554869
53,363,926099
53,368,901844
53,408,209121
53,433,1158170
53,440,1190266
53,440,1414545
53,440,511323
53,440,722245
53,440,79406
53,442,1090839
53,442,1225581
53,442,1287008
53,442,1499332
53,442,195676
53,442,273944
53,442,72406
53,442,727750
53,442,805729
53,442,826981
53,442,980231
53,453,364225
53,501,1577648
53,515,912218
53,529,1157856
53,529,1188939
53,529,312965
53,624,950995
53,675,566265
53,675,780487
53,675,937829
53,696,245391
53,710,1206492
53,710,1314764
53,710,1478416
53,710,249361
53,710,412367
53,728,356822
53,728,554406
53,728,594076
53,738,1170012
53,768,1026759
53,781,672099
53,809,1308330
53,809,621299
53,809,956267
53,820,152636
53,834,1173342
53,855,232366
53,859,963904
53,875,943328
53,885,1061297
53,89,1012425
53,89,1072278
53,89,1084628
53,89,1226494
53,89,1353799
53,89,1509932
53,89,1510703
53,89,307742
53,89,314333
53,89,381901
53,89,421748
53,89,598989
53,89,816832
53,89,841554
53,89,858570
53,89,880037
53,89,891726
53,89,940890
53,890,114243
53,890,479990
53,890,580681
53,890,816304
53,895,1162947
53,895,1168877
53,895,1251321
53,895,1296914
53,895,130028
53,895,1373206
53,895,1493290
53,895,193135
53,895,489562
53,895,498006
53,895,507799
53,895,543333
53,895,598507
53,895,614153
53,895,768722
53,895,843987
53,953,1498107
53,97,1058179
53,97,1296973
53,97,132321
53,97,135299
53,97,1443953
53,97,1529867
53,97,435491
53,97,568935
53,97,971699
53,998,1558732
54,1026,1287688
54,112,4478
54,113,134582
54,226,1170589
54,226,310197
54,258,650727
54,350,850004
54,39,878335
54,408,122157
54,414,585108
54,641,1199853
54,641,1290149
54,708,1119806
54,708,283567
54,77,545304
54,821,1157043
54,821,74154
54,89,641530
54,89,73510
54,958,385755
55,141,1188400
55,346,274124
55,346,475934
55,408,106187
55,408,149724
55,408,701689
55,408,803094
55,62,1536514
55,653,253914
55,675,835352
55,907,1017316
55,965,958227
56,104,1400411
56,104,415869
56,145,515823
56,197,278405
56,197,599418
56,217,522574
56,225,535620
56,319,388243
56,336,1031304
56,38,1000899
56,39,275813
56,408,1206633
56,408,1584088
56,408,443345
56,408,851623
56,480,1276977
56,480,401723
56,542,563528
56,934,868064
56,945,991762
56,970,1119236
56,970,1499262
56,970,191844
56,998,683114
57,1009,372205
57,1020,1232773
57,1022,1493981
57,1036,71006
57,11,161772
57,110,301843
57,122,1325577
57,122,710460
57,142,742333
57,157,630501
57,175,613064
57,186,1096423
57,186,235822
57,186,325780
57,186,406063
57,186,621035
57,186,666109
57,186,714300
57,186,747503
57,186,980632
57,19,1481587
57,200,1014350
57,213,1336582
57,231,1060262
57,231,1129762
57,231,1136705
57,231,1179872
57,231,1431098
57,231,1520648
57,243,403969
57,256,1037218
57,302,1559011
57,307,833508
57,331,537360
57,331,610473
57,343,213970
57,351,1063543
57,369,603084
57,394,1499283
57,394,1552645
57,394,772956
57,395,1005855
57,406,221012
57,406,562988
57,408,1458221
57,408,661391
57,409,753850
57,43,1490737
57,45,993172
57,467,1443191
57,467,220845
57,474,272278
57,484,182054
57,494,1146636
57,500,124571
57,512,478766
57,528,1008472
57,528,557129
57,528,701130
57,528,746575
57,528,917897
57,529,1051458
57,549,689772
57,552,987341
57,554,370575
57,555,1546562
57,569,315889
57,576,1301521
57,576,582037
57,65,1399644
57,650,1258863
57,650,1441372
57,650,1494336
57,650,1526733
57,650,49279
57,675,1461785
57,675,1515036
57,68,712558
57,691,133662
57,696,675011
57,700,1563652
57,701,421922
57,701,463992
57,703,779769
57,716,1337629
57,716,1382481
57,716,1508840
57,716,531685
57,716,588685
57,719,449233
57,731,1328393
57,731,536911
57,732,695946
57,735,630978
57,739,940354
57,746,1211800
57,756,875544
57,757,1192052
57,757,1204439
57,757,282707
57,757,569125
57,810,279481
57,83,1030498
57,83,1361126
57,83,1492811
57,83,1592183
57,83,624617
57,83,68894
57,833,1469110
57,84,175376
57,845,812205
57,845,921817
57,848,637749
57,849,736259
57,865,480405
57,866,4623
57,871,542279
57,873,930114
57,874,1110639
57,882,1336509
57,882,1507861
57,882,468203
57,882,529048
57,882,843429
57,882,872959
57,882,993805
57,89,573889
57,910,1520165
57,911,1316319
57,911,1439413
57,911,197727
57,911,246198
57,911,395896
57,911,708002
57,911,783053
57,912,1279944
57,942,1961
57,953,774953
57,954,749713
57,962,280798
57,974,298718
57,983,774270
57,984,1123420
57,984,1425183
57,984,1586314
57,984,402669
57,984,939461
57,984,965735
57,994,1422970
57,994,485780
58,1049,1073541
58,1049,1450056
58,1049,619178
58,1049,738514
58,1049,81029
58,1049,953404
58,111,1038812
58,111,1076164
58,111,1105540
58,111,1157172
58,111,1164885
58,111,1226667
58,111,130747
58,111,1571251
58,111,36570
58,111,984904
58,117,1042483
58,139,950071
58,173,961009
58,186,1047139
58,186,1055817
58,186,1057964
58,186,1172309
58,186,1186082
58,186,1409429
58,186,1540195
58,186,299333
58,186,430537
58,186,634999
58,186,879641
58,186,943264
58,186,992375
58,197,103522
58,197,1320081
58,197,1358037
58,197,1363329
58,197,1371862
58,197,1411533
58,197,1429160
58,197,1490860
58,197,223367
58,197,300986
58,197,471454
58,197,737093
58,197,840918
58,2,1279878
58,226,1047973
58,226,1307337
58,226,1324704
58,226,1434879
58,226,1468270
58,226,1537716
58,226,472853
58,226,525719
58,226,678468
58,226,713775
58,226,871127
58,226,915420
58,227,514191
58,240,624091
58,245,1189513
58,245,1491456
58,245,1530905
58,245,255084
58,245,350769
58,245,502141
58,245,546505
58,245,574525
58,245,575634
58,245,961505
58,250,534771
58,256,1463647
58,258,1063880
58,258,1339369
58,258,672089
58,275,927404
58,315,1118344
58,315,525142
58,319,1047656
58,319,138081
58,319,219986
58,319,409806
58,319,754519
58,319,893817
58,319,920561
58,319,989031
58,324,1423934
58,327,691850
58,330,617440
58,333,1547583
58,366,1192009
58,366,1226223
58,366,1345366
58,366,273123
58,366,33682
58,366,391972
58,366,453578
58,366,497501
58,366,517559
58,366,559355
58,375,1232018
58,375,702456
58,392,1501318
58,442,1081476
58,442,1089633
58,442,1228206
58,442,369219
58,442,390054
58,442,485043
58,442,590690
58,442,755743
58,442,780334
58,442,884379
58,443,1501255
58,443,1561253
58,463,1359131
58,477,784456
58,528,1008517
58,528,817699
58,529,806945
58,542,366044
58,543,1043661
58,543,738246
58,557,1559898
58,61,134149
58,617,1231710
58,645,1057547
58,647,820041
58,650,1058095
58,652,604487
58,689,193731
58,689,67007
58,696,1568398
58,728,1550922
58,728,655846
58,73,1371980
58,73,451199
58,731,1428860
58,791,801154
58,845,1405706
58,855,856691
58,884,1272735
58,884,1512638
58,885,685232
58,89,701783
58,903,1328819
58,903,1499992
58,903,259541
58,903,403421
58,903,539441
58,903,575252
58,903,961628
58,913,40672
58,945,1458394
58,950,688053
58,953,591782
58,953,84615
58,956,1305201
58,956,87776
58,958,1149377
58,964,490241
58,998,1033889
58,998,1129992
58,998,1326719
58,998,1532140
58,998,188016
58,998,383418
58,998,530547
58,998,537173
58,998,711460
58,998,880123
59,1018,347224
59,1018,522251
59,1018,967728
59,117,1239384
59,161,931637
59,175,782453
59,186,1398995
59,186,1465473
59,186,1483056
59,186,1582546
59,186,310503
59,186,491790
59,186,571910
59,186,625174
59,186,655968
59,186,798353
59,197,1171441
59,197,21253
59,258,284942
59,27,523945
59,351,1164801
59,351,1461673
59,360,789445
59,386,568310
59,403,500934
59,425,1541287
59,442,1038271
59,442,1508203
59,442,189271
59,442,202144
59,442,303529
59,442,319020
59,442,415577
59,442,459620
59,442,59966
59,442,847692
59,443,1053893
59,444,692198
59,500,1180489
59,500,644934
59,508,1473275
59,528,1117978
59,528,1335217
59,542,631072
59,557,1299719
59,557,557455
59,573,1019772
59,573,1131517
59,573,1165551
59,573,1206892
59,573,137280
59,573,1386531
59,573,1519110
59,573,1534026
59,573,699245
59,631,1279003
59,648,998076
59,668,1260082
59,669,151976
59,675,35197
59,689,1303426
59,728,1061819
59,729,316957
59,73,36539
59,762,25173
59,766,125871
59,766,1387049
59,766,303575
59,766,805428
59,766,826698
59,778,1436043
59,778,1573102
59,791,1439841
59,797,1158222
59,797,1219661
59,797,1529233
59,797,598406
59,797,608829
59,825,93200
59,845,1204557
59,845,223332
59,845,671229
59,845,773027
59,882,1288896
59,884,205437
59,926,866130
59,938,167885
59,953,517675
59,953,755869
59,957,466545
6,197,1180114
6,197,598165
6,285,1251885
6,285,842771
6,480,286987
6,480,440495
6,53,1293009
6,53,1329854
6,626,493675
6,626,980197
6,740,1505793
6,740,1586671
6,882,1353662
6,882,460279
60,106,900217
60,230,474629
60,258,989023
60,342,773112
60,408,1313008
60,408,371502
60,408,511378
60,408,830692
60,408,892040
60,422,1485031
60,425,984923
60,442,1215365
60,458,649932
60,502,1143453
60,502,1418255
60,502,179936
60,502,312651
60,502,812164
60,576,1029880
60,576,1359536
60,650,1002264
60,650,1274477
60,650,12820
60,650,1286233
60,650,181760
60,650,217271
60,650,551451
60,650,857602
60,653,611567
60,677,1371255
60,814,993936
60,845,1502298
60,845,736019
60,928,1387931
60,928,1577189
60,958,1052210
60,97,1248873
60,97,18786
61,131,1165022
61,149,1488106
61,149,37098
61,312,971138
61,53,619284
61,940,149974
61,940,1500198
62,1049,381645
62,1055,1337063
62,145,807510
62,159,173030
62,177,386237
62,177,645159
62,197,229082
62,229,248443
62,309,1403440
62,319,1007556
62,319,1290060
62,319,1300709
62,319,787933
62,375,1423172
62,408,1162514
62,408,1535605
62,408,385982
62,408,696971
62,408,802661
62,408,809247
62,413,797686
62,425,1083746
62,479,539593
62,480,1472027
62,542,202298
62,593,1228335
62,615,207912
62,626,612999
62,650,537990
62,66,1086383
62,677,275038
62,681,1140072
62,681,193055
62,681,266638
62,681,335070
62,681,452172
62,681,531612
62,734,1031577
62,734,1327557
62,734,1506221
62,77,983129
62,795,431451
62,819,1018345
62,882,990756
62,916,1086002
62,998,1360497
62,998,304538
62,998,323134
63,1014,1550490
63,1014,246911
63,1014,424537
63,1014,826403
63,171,616080
63,186,712640
63,375,868048
63,417,1856
63,480,1223984
63,594,92864
63,641,153613
63,641,533683
63,641,941479
63,722,1114371
63,722,1230456
63,722,1450110
63,722,372553
63,73,218909
63,812,302752
63,882,1515829
63,882,67175
63,953,59276
63,953,97796
64,722,111839
64,722,39406
64,722,522369
64,722,923593
65,375,560621
65,81,921433
66,1056,1022054
66,1056,1200880
66,124,711588
66,140,1541800
66,168,1411934
66,180,22569
66,186,1253636
66,186,427163
66,186,876139
66,197,108534
66,197,1131097
66,197,1151106
66,197,1220350
66,197,241751
66,197,477247
66,197,547216
66,197,556119
66,197,814149
66,197,823832
66,208,905023
66,211,835681
66,226,204518
66,234,35170
66,234,627715
66,241,1230303
66,241,1296298
66,241,1495128
66,245,1348553
66,245,533995
66,258,588435
66,259,249164
66,311,97695
66,336,1430832
66,352,980019
66,369,457444
66,373,694071
66,375,1520762
66,375,469299
66,375,846296
66,381,332314
66,408,383322
66,408,618428
66,425,1370112
66,433,376626
66,435,1136380
66,435,1496066
66,436,664066
66,439,427604
66,439,460533
66,442,1146790
66,442,1365504
66,45,421279
66,463,1171648
66,473,720523
66,475,766692
66,475,986177
66,480,1120814
66,480,1232053
66,480,399473
66,480,446597
66,480,577097
66,480,895104
66,480,96198
66,506,338412
66,506,428928
66,506,49579
66,507,535207
66,527,652472
66,528,1223248
66,528,2034
66,528,595763
66,528,733802
66,528,760970
66,528,767793
66,528,964157
66,529,796201
66,53,1494857
66,53,1529046
66,53,1530552
66,53,1539396
66,53,225689
66,53,599391
66,53,645344
66,53,704163
66,546,602061
66,557,247532
66,561,59590
66,599,74696
66,624,796310
66,626,533592
66,644,1434474
66,675,731697
66,696,306814
66,7,939305
66,707,581486
66,72,784552
66,721,1209221
66,728,1335216
66,728,545924
66,73,1061806
66,73,1251776
66,73,1349694
66,73,226177
66,73,326203
66,73,409872
66,73,727314
66,791,1272518
66,794,1082000
66,809,216080
66,809,953582
66,855,1164968
66,855,1425075
66,877,763079
66,882,1392398
66,885,1230920
66,932,1328668
66,935,321016
66,945,25770
66,953,1456804
66,958,341449
66,958,347470
66,958,680338
66,966,1285601
66,97,253568
66,998,1231432
67,102,1198845
67,1031,8662
67,1036,490116
67,1036,833575
67,133,1549488
67,186,1019270
67,186,1159979
67,186,1170566
67,186,1502712
67,186,1511993
67,186,289501
67,186,301132
67,186,423696
67,186,78666
67,215,1524234
67,22,1023658
67,221,288593
67,221,568166
67,221,599119
67,221,630689
67,221,88021
67,221,952003
67,246,673779
67,251,1098588
67,294,1168818
67,336,645482
67,345,390642
67,369,426073
67,415,113888
67,425,720226
67,442,1001547
67,442,1008358
67,442,1162846
67,442,1317685
67,442,1374053
67,442,1455032
67,442,36146
67,442,393574
67,442,436238
67,442,507494
67,442,51497
67,442,547018
67,442,721513
67,442,727333
67,459,1033938
67,472,478368
67,517,1370447
67,528,1510512
67,55,969958
67,565,362201
67,573,110794
67,573,1370823
67,573,582889
67,573,899200
67,651,740022
67,661,114596
67,675,1190574
67,689,1583593
67,696,300999
67,73,1112556
67,73,1134934
67,73,1174918
67,73,1272471
67,73,1496559
67,73,674534
67,73,718155
67,73,835268
67,753,1320111
67,761,1144271
67,761,1419545
67,761,1440642
67,761,421439
67,772,286660
67,78,480388
67,805,1095756
67,805,1185862
67,805,1249481
67,805,1362834
67,805,1455370
67,805,377142
67,845,1044928
67,845,370410
67,845,423121
67,845,669688
67,845,754639
67,855,1209530
67,884,463653
67,884,866275
67,918,15616
67,926,1589425
67,926,187926
67,926,315982
67,926,963037
67,932,77317
67,953,1404751
67,959,51172
67,968,102330
67,968,728742
68,1004,1572261
68,1008,747425
68,1020,293944
68,1029,468639
68,1036,434586
68,1041,987390
68,1043,1501565
68,122,1242173
68,122,149586
68,130,881659
68,137,912561
68,151,222997
68,165,591965
68,186,13257
68,186,1449421
68,186,1545824
68,186,803776
68,186,805972
68,197,887277
68,200,219760
68,200,621439
68,212,557360
68,215,1567609
68,215,629177
68,218,1084653
68,242,916791
68,243,1040495
68,258,798832
68,258,980360
68,305,1153086
68,331,1331239
68,331,174743
68,365,567118
68,375,1254315
68,383,5919
68,408,1146854
68,408,1356291
68,408,1572372
68,408,209230
68,408,305893
68,408,307709
68,408,313713
68,408,360317
68,408,418335
68,408,433422
68,408,520901
68,408,654562
68,425,1235956
68,445,599501
68,446,761702
68,461,1180937
68,463,1584215
68,463,16388
68,463,261332
68,465,1406828
68,470,23127
68,480,539459
68,528,1126903
68,528,116704
68,528,1289937
68,528,369481
68,528,463624
68,53,881146
68,530,1445463
68,569,1239526
68,576,1283221
68,586,748863
68,65,1061485
68,65,1187726
68,65,477785
68,65,574242
68,65,621321
68,650,1012323
68,650,1018476
68,650,1192662
68,650,1252635
68,650,1269740
68,650,1377271
68,650,1409607
68,650,1461436
68,650,1514226
68,650,1515917
68,650,270992
68,650,643005
68,650,826558
68,650,870557
68,666,492766
68,675,1362474
68,675,1376463
68,677,812976
68,680,462400
68,696,532047
68,696,564548
68,727,878169
68,751,581504
68,781,1549205
68,791,813119
68,843,517225
68,845,1054230
68,871,582497
68,871,693303
68,871,923899
68,873,847712
68,882,983559
68,899,590014
68,914,781958
68,929,112436
68,932,542216
68,958,916584
68,982,31172
69,1036,1106922
69,1036,1528509
69,1036,512451
69,1036,764875
69,112,712029
69,177,986601
69,186,460262
69,186,626157
69,186,725344
69,186,858354
69,186,981751
69,225,628490
69,225,846668
69,225,968064
69,228,1155254
69,234,1371389
69,305,1365491
69,336,226818
69,336,369401
69,362,1336378
69,382,1037049
69,382,76434
69,385,934220
69,402,1315519
69,402,1559667
69,402,714112
69,408,1235026
69,408,1316206
69,408,1567534
69,408,221649
69,408,763624
69,410,151456
69,427,1158809
69,462,934628
69,480,606197
69,483,1354971
69,498,1472685
69,544,1107558
69,544,112015
69,544,1556297
69,544,258885
69,544,856450
69,544,91626
69,544,952548
69,544,974988
69,56,431717
69,56,723810
69,563,1131105
69,563,467661
69,571,768524
69,596,2188
69,596,400599
69,626,1001677
69,643,367395
69,644,41122
69,769,1584195
69,771,1458072
69,791,637903
69,809,224466
69,812,1572345
69,812,1572674
69,813,108662
69,863,1026670
7,174,696537
7,186,1092437
7,186,1191673
7,186,1250388
7,186,1273137
7,186,1515387
7,186,380208
7,186,413225
7,186,428828
7,186,493592
7,186,624934
7,186,642207
7,186,920358
7,221,410206
7,231,106225
7,231,1139174
7,231,1265094
7,231,1522579
7,231,360031
7,232,94467
7,234,1348087
7,234,627374
7,256,1267408
7,256,1508526
7,394,1097705
7,394,1403412
7,394,290322
7,395,1516708
7,406,453923
7,406,502205
7,406,649485
7,406,928308
7,438,534968
7,438,683365
7,438,823862
7,438,897045
7,474,1193734
7,492,1314120
7,529,841467
7,607,1384684
7,68,313113
7,69,818139
7,700,1025418
7,716,1541646
7,716,539964
7,731,1068426
7,826,775190
7,882,1352431
7,882,1405611
7,882,1456198
7,882,195175
7,882,402468
7,882,469816
7,914,393779
7,926,420297
7,946,1451187
7,946,389360
7,946,413757
7,953,311728
7,973,94153
7,974,809498
7,974,949488
7,984,1401646
7,984,413952
7,984,675668
7,984,682165
70,100,444944
70,1000,740538
70,1009,676950
70,1026,316759
70,1033,1151414
70,1033,1406803
70,1033,420596
70,1039,1283714
70,104,1415370
70,1049,113576
70,1049,251450
70,117,1296906
70,122,562354
70,147,1000021
70,173,1149556
70,173,667898
70,173,679339
70,173,697331
70,173,880368
70,173,945945
70,176,158053
70,177,620247
70,186,1100735
70,186,1134139
70,186,1248222
70,186,128509
70,186,1427942
70,186,1494968
70,186,162171
70,186,164477
70,186,166144
70,186,242675
70,186,347069
70,186,362908
70,186,383246
70,186,794351
70,186,877206
70,186,95118
70,197,1022230
70,197,240236
70,197,466265
70,197,751608
70,221,1035760
70,226,1463555
70,226,231413
70,226,29699
70,226,498137
70,226,78114
70,226,846402
70,226,847233
70,230,1041004
70,234,1327649
70,234,1358652
70,256,1243664
70,256,1444552
70,256,298809
70,256,304896
70,256,369738
70,256,401665
70,256,850364
70,256,92921
70,258,1107376
70,258,1228722
70,27,749002
70,29,665324
70,293,571464
70,303,75094
70,321,727868
70,330,1412125
70,332,1266977
70,332,916878
70,347,1328362
70,347,283127
70,347,623544
70,347,743080
70,348,1042102
70,348,1062055
70,348,1076623
70,348,1556337
70,348,1575214
70,348,378672
70,348,455962
70,348,538672
70,348,853806
70,348,950437
70,354,72055
70,364,844410
70,375,1294360
70,375,257627
70,375,404628
70,389,1277113
70,418,304934
70,434,1262009
70,442,1145250
70,442,1151149
70,442,1462987
70,442,1472732
70,442,1475933
70,442,1477575
70,442,250909
70,442,376084
70,442,554033
70,442,688777
70,442,911265
70,47,223590
70,472,975219
70,480,56366
70,49,961892
70,494,1234068
70,494,1486015
70,494,468653
70,494,485610
70,494,584071
70,494,608835
70,494,758314
70,494,799530
70,494,952614
70,509,179643
70,52,203281
70,528,1487455
70,528,485869
70,529,1095428
70,529,1496150
70,529,375638
70,53,254557
70,560,257490
70,584,1331897
70,590,1412589
70,590,401225
70,590,471518
70,590,667956
70,590,943245
70,591,339439
70,596,51124
70,624,673284
70,641,759332
70,644,643387
70,659,283105
70,675,1361484
70,675,537533
70,695,1261474
70,710,619959
70,728,1312544
70,728,399595
70,728,881535
70,73,1120247
70,73,1123543
70,73,1147981
70,73,1161106
70,73,1214821
70,73,1310087
70,73,1320558
70,73,1571393
70,73,1591556
70,73,278673
70,73,327113
70,73,4552
70,73,625833
70,73,67545
70,73,876554
70,744,899950
70,761,1128545
70,761,1181979
70,761,1434844
70,791,520023
70,809,1123958
70,809,1383149
70,809,268168
70,809,634959
70,812,661370
70,855,1231492
70,855,1564496
70,855,1564622
70,863,1222532
70,884,705218
70,885,76022
70,885,760852
70,89,1076568
70,89,1086838
70,89,1193533
70,89,1394348
70,89,1423927
70,89,345847
70,89,429796
70,89,879484
70,916,391026
70,916,690110
70,920,869297
70,939,673803
70,945,681417
70,945,864586
70,958,166512
70,97,1166890
70,97,1377794
70,97,1474633
70,97,1525030
70,97,428254
70,97,7836
70,970,1274853
70,970,1564489
70,970,361836
70,998,1266152
70,998,1531581
71,1014,794553
71,123,1036278
71,186,161491
71,197,1409284
71,234,1012920
71,323,116014
71,375,767535
71,399,967013
71,45,1333089
71,480,1208658
71,534,998218
71,641,209200
71,765,360999
71,81,446190
71,845,1349935
71,885,239465
71,9,1491185
71,909,1471495
71,918,761359
71,953,1193125
72,1049,1178690
72,112,685626
72,146,1367307
72,433,1341855
72,565,298473
72,630,1149883
72,693,278088
73,1009,977842
73,152,373715
73,425,590131
73,627,1092359
73,627,617336
73,73,1120184
73,73,1144574
73,73,1413937
73,73,912445
73,770,1408103
73,780,995971
74,186,1404034
74,186,1477071
74,186,273569
74,186,987631
74,245,1071257
74,245,114069
74,39,1215102
74,39,1261577
74,39,1530612
74,39,240433
74,39,484123
74,39,510061
74,408,1065900
74,408,1221044
74,408,1266536
74,408,1389551
74,408,399399
74,408,706798
74,528,462299
74,63,142412
74,656,1186872
74,690,123550
74,895,1452782
75,1009,1504176
75,112,1013645
75,112,1490300
75,112,880424
75,190,968660
75,197,666731
75,197,952624
75,222,1412444
75,222,1545493
75,278,1099972
75,278,144300
75,304,1487850
75,304,907863
75,344,133955
75,36,1097427
75,36,1320140
75,453,770202
75,488,1106694
75,583,31055
75,686,256149
75,686,460695
75,791,554624
75,932,984629
75,97,1038584
75,97,501634
76,103,1109480
76,1039,747577
76,178,1004215
76,178,1027048
76,178,1103790
76,178,1233838
76,178,386062
76,178,421957
76,178,485157
76,178,926867
76,186,1320590
76,197,584562
76,199,878079
76,234,61598
76,245,1159715
76,245,1396863
76,245,1582792
76,245,200194
76,245,837422
76,25,1377704
76,426,1206920
76,426,1554266
76,426,349240
76,426,404217
76,426,701176
76,442,907140
76,53,1020524
76,53,1226181
76,53,1245965
76,53,134965
76,53,1390150
76,53,50589
76,53,512192
76,53,681740
76,53,8030
76,53,850970
76,53,911318
76,57,1193897
76,626,667725
76,626,896664
76,626,939363
76,636,114063
76,636,1156775
76,636,1298370
76,636,1398260
76,636,18219
76,636,343258
76,636,589023
76,636,627364
76,636,725266
76,636,768836
76,636,828381
76,636,946802
76,636,989290
76,675,1495440
76,689,1471910
76,714,1055643
76,73,1279970
76,73,1283915
76,73,1363149
76,73,1555980
76,73,160668
76,73,190791
76,73,307235
76,73,56551
76,73,583088
76,73,713494
76,73,815833
76,73,931047
76,749,530893
76,76,1445999
76,76,178185
76,76,226655
76,76,410668
76,76,527535
76,765,280273
76,791,728958
76,799,1104531
76,807,989650
76,809,883405
76,852,569591
76,855,690710
76,882,1517600
76,882,1562230
76,882,707478
76,882,72528
76,900,1319150
76,905,101197
76,905,1221297
76,905,185858
76,905,217235
76,905,795728
76,93,295049
77,1009,639518
77,1030,1583611
77,1030,512461
77,1034,73255
77,1042,1141529
77,1042,1141852
77,1042,1183980
77,1042,1193976
77,1042,128756
77,1042,1325434
77,1042,139058
77,1042,1454145
77,1042,1537838
77,1042,1568096
77,1042,271771
77,1042,352806
77,1042,488267
77,1042,813552
77,1042,84921
77,1049,1555422
77,1054,639541
77,117,1254031
77,182,1012069
77,186,117328
77,186,1303175
77,186,201040
77,186,468802
77,186,554797
77,186,718867
77,186,98852
77,187,21302
77,197,1082603
77,197,1105998
77,197,1154280
77,197,1478400
77,197,178786
77,197,315720
77,197,32369
77,197,46117
77,197,564990
77,197,812819
77,208,618713
77,209,988094
77,214,1050920
77,214,174952
77,220,604489
77,226,1073885
77,226,1247269
77,226,1259213
77,226,132353
77,226,1430996
77,226,262991
77,226,366548
77,226,58458
77,226,615580
77,226,651710
77,226,810286
77,240,788077
77,252,338652
77,258,339005
77,259,169278
77,262,72640
77,270,220593
77,271,364616
77,277,332153
77,278,1164677
77,295,513848
77,318,1342001
77,337,628470
77,369,1310852
77,369,545336
77,369,647439
77,369,941857
77,375,1087905
77,375,1292109
77,375,1311691
77,375,423447
77,375,451523
77,388,454329
77,425,437645
77,425,712312
77,429,1228092
77,429,1445128
77,433,1427290
77,439,1007975
77,439,116234
77,439,1201394
77,439,1262821
77,439,1548611
77,439,200679
77,439,344531
77,439,438232
77,439,549608
77,439,571432
77,439,650019
77,439,74374
77,439,754403
77,439,96303
77,442,1229083
77,442,1296235
77,442,1330584
77,442,1346011
77,442,1380713
77,442,1415678
77,442,1471207
77,442,21940
77,442,558738
77,442,570646
77,442,721247
77,442,72307
77,442,811130
77,442,82284
77,442,893044
77,442,951683
77,443,343388
77,443,971996
77,463,1481859
77,463,61935
77,475,1313971
77,480,369650
77,490,868685
77,516,288564
77,528,1079225
77,528,1314418
77,528,808782
77,528,948266
77,53,187013
77,53,246347
77,557,660392
77,590,758729
77,619,1275393
77,624,1046121
77,626,1439508
77,626,1442132
77,626,1586136
77,626,370026
77,626,468301
77,626,479126
77,626,487832
77,626,796320
77,626,805680
77,626,850500
77,673,1376031
77,675,295341
77,675,368074
77,677,1202285
77,696,1133710
77,704,183660
77,704,392199
77,704,931875
77,709,206315
77,728,1173238
77,728,283644
77,73,1009580
77,73,1030213
77,73,1045072
77,73,1084704
77,73,112034
77,73,1590008
77,73,168761
77,73,197083
77,73,253239
77,73,367805
77,73,621084
77,73,648998
77,73,845283
77,73,92505
77,74,1504562
77,781,1202416
77,781,316243
77,781,335555
77,785,1447368
77,791,1045452
77,802,593312
77,803,308806
77,809,1008561
77,809,1059550
77,810,174092
77,837,644441
77,84,261719
77,84,280249
77,84,902404
77,84,928610
77,84,92950
77,855,270046
77,855,320922
77,855,461502
77,855,790020
77,855,891587
77,882,1054401
77,882,1205453
77,882,1241027
77,882,1302543
77,882,1304974
77,882,1331325
77,882,134669
77,882,1499132
77,882,1518868
77,882,193898
77,882,268785
77,882,566575
77,882,669030
77,882,778647
77,882,84397
77,882,946521
77,895,1195079
77,895,684034
77,916,27460
77,926,699443
77,932,1588351
77,933,676434
77,945,248784
77,953,1134444
77,953,11676
77,953,1254365
77,953,140965
77,953,1495945
77,953,1508910
77,953,1588605
77,953,241186
77,953,357136
77,953,457175
77,953,54055
77,953,62344
77,953,83744
77,953,869307
77,963,1559742
77,963,572984
77,97,1321425
77,97,1351459
77,97,540977
77,97,9942
77,972,197706
77,998,379279
77,998,702292
78,1039,1300679
78,1039,1353835
78,1039,709221
78,107,231467
78,179,1212015
78,179,1291540
78,179,1313055
78,179,138824
78,179,1471437
78,186,50510
78,245,1013800
78,245,1196351
78,257,951765
78,398,1123885
78,42,1128403
78,478,175112
78,489,1116054
78,576,1428775
78,576,654554
78,626,1218442
78,626,396120
78,689,1089168
78,781,1063076
78,847,525163
78,876,875165
78,882,1257264
78,882,885997
78,94,1167113
78,945,447712
79,156,628969
79,226,842855
79,369,1163108
79,480,195173
79,53,354008
79,641,422087
79,655,804292
79,812,1538255
79,958,1116583
8,1025,1286110
8,1030,273796
8,112,1515813
8,112,182049
8,112,468260
8,112,652954
8,112,72894
8,112,966907
8,118,622993
8,118,670024
8,148,210931
8,192,201739
8,192,776957
8,226,1048573
8,226,1305271
8,226,1377938
8,226,1470063
8,226,715936
8,226,73405
8,226,850042
8,35,1010027
8,356,1153348
8,356,544143
8,356,7295
8,356,928045
8,356,946598
8,419,807379
8,460,381436
8,471,364722
8,525,1246744
8,53,233385
8,621,347103
8,625,49727
8,717,35927
8,73,1556604
8,781,1208363
8,804,49833
8,845,891362
8,90,1534817
8,985,125097
80,1006,1453625
80,1007,1007177
80,1015,1044865
80,1016,1138337
80,1016,319275
80,1016,337848
80,1016,405597
80,1016,505714
80,1016,627586
80,13,160662
80,172,1237573
80,210,1501202
80,226,1476008
80,234,598758
80,269,65906
80,273,335961
80,276,581798
80,338,749468
80,393,298786
80,430,13438
80,430,868056
80,442,439581
80,442,967753
80,467,572025
80,481,71289
80,601,273001
80,682,1371017
80,684,1548050
80,725,978420
80,754,191886
80,757,1137719
80,757,1178314
80,757,1316370
80,757,1334421
80,757,1467072
80,757,627534
80,757,631319
80,757,814325
80,757,884042
80,840,383408
80,856,853859
80,89,1050273
80,89,1097986
80,89,1141727
80,89,1350469
80,89,1420134
80,89,398201
80,89,482369
80,898,585562
80,919,206459
80,958,113094
80,998,375076
81,152,449355
81,197,98320
81,31,668680
81,425,1035611
81,425,600709
81,576,1029970
81,576,103750
81,73,1311318
81,73,169645
81,73,60461
81,73,615692
81,747,624262
81,747,904854
81,752,501126
81,770,803509
82,197,64926
82,425,1474360
82,627,606754
82,73,1147811
82,73,1201836
82,780,581070
83,1027,22708
83,184,645836
84,1023,377291
84,1048,1121865
84,1050,261484
84,186,643305
84,197,748994
84,262,582088
84,366,1330649
84,366,683764
84,366,749644
84,375,631059
84,442,1138935
84,442,665162
84,442,752854
84,443,1161747
84,480,756184
84,53,1560805
84,574,1028463
84,689,1152842
84,781,1181354
84,793,291149
84,855,896618
84,916,621750
84,926,925353
84,932,440970
84,97,1081681
84,97,1402490
84,97,247551
84,998,816252
85,1,1423435
85,10,945349
85,1002,1168828
85,1002,67644
85,1002,690582
85,1002,795358
85,1049,1003946
85,1049,1036811
85,1049,1114407
85,1049,1246404
85,1049,128667
85,1049,1422198
85,1049,1497551
85,1049,1526585
85,1049,1586428
85,1049,266428
85,1049,341811
85,1049,46012
85,1049,755757
85,149,284639
85,149,583269
85,186,1079954
85,186,1327184
85,186,238628
85,186,245044
85,186,50874
85,186,525926
85,186,571057
85,186,796505
85,186,811983
85,186,902822
85,197,1460880
85,200,1079514
85,200,1233512
85,200,1298069
85,200,515152
85,200,599794
85,200,860351
85,219,1171362
85,221,1201117
85,221,821587
85,226,713534
85,227,1440576
85,245,1375507
85,258,1251933
85,258,1430315
85,258,302742
85,258,673891
85,258,78899
85,258,88358
85,258,928342
85,258,952342
85,258,997866
85,267,1308351
85,278,966359
85,281,706211
85,281,856745
85,282,660119
85,349,1446758
85,36,508858
85,36,89771
85,366,774075
85,372,646522
85,400,576511
85,401,1516940
85,41,290673
85,41,560186
85,433,1255826
85,433,337722
85,44,98679
85,442,1196906
85,442,1593190
85,442,321396
85,463,1187460
85,463,398752
85,463,597659
85,463,888045
85,463,896429
85,463,942667
85,463,949441
85,480,535427
85,480,85029
85,5,1561571
85,522,1130571
85,534,814017
85,536,1353022
85,536,1529930
85,536,88876
85,536,968440
85,542,408780
85,544,2695
85,544,784445
85,557,343869
85,573,1243050
85,573,1526346
85,573,734535
85,573,742214
85,573,815662
85,573,898238
85,582,1327205
85,582,135207
85,582,1459568
85,582,946774
85,610,1442135
85,618,1287278
85,626,638287
85,626,726648
85,638,1224839
85,638,608026
85,657,1370457
85,657,649816
85,669,1142912
85,669,19932
85,669,375421
85,671,80352
85,689,1285058
85,712,891921
85,723,239635
85,73,437748
85,73,577848
85,73,772934
85,731,489046
85,741,241320
85,775,1389591
85,781,968887
85,786,115588
85,810,1081995
85,810,1324617
85,810,1355825
85,810,264314
85,810,286949
85,810,474027
85,826,514907
85,845,1587398
85,845,40409
85,845,845044
85,883,481513
85,884,1068691
85,884,644311
85,889,3090
85,903,1048892
85,918,1272743
85,918,1341326
85,926,1044348
85,957,1467033
85,957,323109
85,979,952932
86,197,1111513
86,245,1188828
86,245,1207885
86,245,1258766
86,245,1289934
86,245,131027
86,245,1409524
86,245,1583238
86,245,160144
86,245,161955
86,245,5058
86,245,600345
86,245,767351
86,245,919414
86,408,1043201
86,408,1204550
86,408,1251186
86,408,1278816
86,408,1321316
86,408,1530832
86,408,194137
86,408,279234
86,408,580215
86,408,91911
86,425,1133045
86,428,289449
86,453,824630
86,472,1150268
86,562,1040333
86,563,1170026
86,563,836754
86,578,756056
86,67,1036389
86,67,1178293
86,67,1370246
86,67,191763
86,67,216887
86,67,243665
86,67,309075
86,67,32352
86,67,376528
86,67,604727
86,67,719830
86,67,724942
86,696,281447
86,759,1420145
86,765,656349
86,791,1397329
86,791,664083
86,791,997660
86,810,549545
86,812,1011269
86,812,105773
86,812,1161758
86,812,1193099
86,812,1234255
86,812,1258296
86,812,1357350
86,812,138546
86,812,179331
86,812,215099
86,812,34586
86,812,485207
86,845,94756
86,882,1325410
86,882,164800
86,89,1220589
86,953,1146357
86,953,1574447
87,1036,352339
87,280,179741
88,129,446670
88,186,1277889
88,186,282738
88,186,348793
88,186,57600
88,233,1151353
88,233,1464741
88,296,108279
88,404,1169834
88,439,549189
88,442,11114
88,442,1360180
88,442,583989
88,442,746939
88,442,93944
88,64,767332
88,685,572340
88,73,585978
88,73,864817
88,774,552659
88,782,924832
88,8,1282390
88,8,1451596
88,816,1396270
88,836,374652
88,845,988433
88,861,1179318
88,882,316796
88,902,268256
88,931,1343622
88,931,1531794
89,1002,130751
89,1002,1515248
89,1002,167884
89,1033,1432929
89,1036,417941
89,112,845986
89,112,880502
89,117,179544
89,117,538928
89,163,1037030
89,186,1099576
89,186,1276303
89,186,302277
89,186,564336
89,186,653650
89,186,658689
89,186,806152
89,186,966931
89,188,1169178
89,188,445948
89,197,1229475
89,200,1022047
89,200,1083083
89,200,179307
89,200,297851
89,200,759520
89,200,791619
89,200,8055
89,200,98962
89,237,1398120
89,267,1233667
89,278,625479
89,304,298842
89,357,701256
89,375,1407677
89,411,1007702
89,443,762858
89,454,1186492
89,457,936883
89,491,1120127
89,585,1106883
89,618,1150932
89,618,17045
89,642,960510
89,712,1159221
89,73,1237721
89,73,1270345
89,73,1486100
89,73,582433
89,73,607251
89,73,62047
89,73,947230
89,730,495980
89,734,1312568
89,734,169583
89,734,317829
89,734,697785
89,736,641276
89,783,1373050
89,783,675497
89,789,1254163
89,791,1457143
89,872,912444
89,897,281909
89,92,985188
89,940,319855
89,958,920474
89,964,1193033
89,964,1531959
89,968,1183600
89,968,1185906
89,968,1278642
89,968,302336
89,968,535502
89,968,761129
89,97,367705
89,97,715468
89,97,822197
9,149,1294769
9,149,1340959
9,149,1400415
9,149,677786
9,773,1060562
9,773,1147214
9,791,416358
9,791,554232
9,901,485185
9,901,542846
90,1003,792092
90,1017,1474631
90,1049,1163155
90,1049,1424284
90,1049,1470644
90,1049,539513
90,1049,807236
90,1049,997101
90,107,987996
90,114,592184
90,117,1436883
90,125,311661
90,126,146843
90,127,407920
90,135,1014678
90,136,1517523
90,153,1378158
90,186,101395
90,186,1034602
90,186,1090295
90,186,1224943
90,186,1227974
90,186,1246760
90,186,1280509
90,186,1296686
90,186,1305796
90,186,1318854
90,186,1478955
90,186,1485486
90,186,1557218
90,186,18344
90,186,195190
90,186,220899
90,186,223504
90,186,234333
90,186,277883
90,186,374064
90,186,439163
90,186,458150
90,186,564687
90,186,621973
90,186,654259
90,186,682543
90,186,711304
90,186,714309
90,186,756688
90,186,788190
90,186,833155
90,186,893056
90,197,1275864
90,197,1442891
90,197,287150
90,197,444927
90,197,576556
90,197,636660
90,197,911508
90,208,762629
90,209,1107637
90,226,959884
90,234,1169596
90,234,1338817
90,234,1430030
90,234,1439479
90,234,298696
90,234,433988
90,234,473487
90,234,901243
90,239,1449166
90,247,400602
90,253,952835
90,26,923346
90,266,1110356
90,274,606824
90,297,1062340
90,32,400138
90,329,284862
90,332,1234161
90,332,813361
90,335,247782
90,375,1445233
90,375,172080
90,375,331132
90,375,598771
90,375,722824
90,384,1149348
90,396,568309
90,397,1479863
90,425,1066428
90,425,643392
90,433,548115
90,433,646786
90,439,1035606
90,439,133494
90,442,1016617
90,442,1180997
90,442,1260298
90,442,1421840
90,442,1470738
90,442,1476807
90,442,1477923
90,442,1496534
90,442,1503352
90,442,1556432
90,442,246510
90,442,320570
90,442,353322
90,442,367027
90,442,368883
90,442,370034
90,442,411206
90,442,41634
90,442,530796
90,442,599716
90,442,649641
90,442,675554
90,442,746087
90,442,764385
90,442,802581
90,442,819987
90,442,852000
90,442,862318
90,442,885191
90,443,269970
90,443,731331
90,448,466745
90,463,1386698
90,463,57490
90,468,461120
90,469,1324684
90,469,556413
90,477,1549928
90,477,762649
90,481,1076204
90,481,1083144
90,481,1085957
90,481,1098004
90,481,1152783
90,481,1240029
90,481,1247627
90,481,1437332
90,481,1482929
90,481,1524437
90,481,1552288
90,481,173234
90,481,253336
90,481,332710
90,481,382650
90,481,463443
90,481,509645
90,481,5261
90,481,699251
90,481,713654
90,481,772810
90,481,776044
90,481,826253
90,502,1241938
90,502,1566339
90,502,561940
90,528,819416
90,53,1304240
90,53,180806
90,547,441480
90,555,304125
90,555,370951
90,555,853217
90,557,1413949
90,576,973744
90,603,1123978
90,603,1255739
90,603,1499805
90,603,260247
90,603,325178
90,603,368862
90,603,379578
90,603,400721
90,603,499901
90,603,503765
90,603,508403
90,603,592517
90,603,682091
90,603,831402
90,603,948486
90,626,1304286
90,635,1383362
90,639,446270
90,651,375499
90,664,1140728
90,664,365261
90,667,433000
90,675,1074016
90,675,1253721
90,675,232292
90,675,284307
90,675,452906
90,675,937958
90,685,233309
90,689,1464142
90,689,237423
90,689,973250
90,696,1234704
90,696,1270218
90,696,129334
90,696,567383
90,696,922134
90,718,719149
90,728,412956
90,728,431272
90,728,452482
90,728,645257
90,728,832871
90,73,1349144
90,73,144233
90,73,242167
90,73,638612
90,73,810902
90,73,900706
90,733,1554845
90,733,43464
90,777,402862
90,781,1261484
90,781,27427
90,781,362691
90,781,672958
90,79,1007506
90,791,194693
90,791,403813
90,791,623397
90,791,785201
90,798,105668
90,802,417112
90,802,612190
90,802,784382
90,809,1295997
90,809,1352089
90,809,94523
90,845,204542
90,845,855242
90,845,877170
90,845,91046
90,85,1157154
90,855,1177442
90,855,1559208
90,855,229859
90,855,328170
90,855,665788
90,855,968227
90,863,778350
90,882,114265
90,882,1230644
90,882,734295
90,916,1016832
90,916,714274
90,916,98476
90,923,397948
90,923,430913
90,926,480450
90,932,1031793
90,932,1313449
90,932,144290
90,932,672715
90,937,1329309
90,937,318842
90,937,375773
90,939,1119296
90,945,622307
90,947,1557280
90,953,1242732
90,953,135647
90,953,227675
90,953,75819
90,958,610617
90,958,810857
90,963,1362213
90,964,162202
90,964,225267
90,971,1260628
90,974,372527
90,988,930193
90,997,1294966
90,998,1051255
90,998,37210
90,998,751873
91,1021,1390923
91,156,565815
91,171,457755
91,205,1159380
91,205,231488
91,205,302511
91,226,1094532
91,226,1336010
91,226,14325
91,226,686343
91,374,1418003
91,374,541224
91,375,668565
91,408,681604
91,408,693304
91,417,808467
91,442,1270892
91,480,105745
91,480,1223591
91,480,1476151
91,480,718207
91,480,719257
91,535,233442
91,551,1586351
91,594,883073
91,641,1065230
91,660,525347
91,812,1146481
91,812,1224536
91,812,518020
91,812,536454
91,812,62798
91,812,638660
91,812,687558
91,812,701517
91,812,797815
91,812,840569
91,842,536015
91,842,820807
91,958,1474438
91,97,1295898
91,986,1346810
